# 2026/09/10  chips-kline 取數依據（只保留實際使用的列）

## 三大法人-期貨 / 臺股期貨
1	臺股期貨	自營商	5,462	51,132,728	3,819	35,781,101	1,643	15,351,627	5,007	47,034,113	3,628	34,051,678	1,379	12,982,435
投信	2,243	21,064,029	2,579	24,135,657	-336	-3,071,627	77,635	727,950,787	3,152	29,546,218	74,483	698,404,569
外資	46,008	430,928,638	48,057	450,182,559	-2,049	-19,253,921	8,264	77,543,020	92,182	864,533,721	-83,918	-786,990,701

## 三大法人-選擇權 / 臺指選擇權
1	臺指選擇權	買權	自營商	39,575	283,058	40,726	323,393	-1,151	-40,335	32,059	1,240,432	23,171	932,283	8,888	308,149
投信	357	5,499	871	33,087	-514	-27,588	2	195	5,231	275,113	-5,229	-274,918
外資	44,536	391,287	44,291	385,325	245	5,962	9,433	362,946	11,392	679,903	-1,959	-316,957
賣權	自營商	39,096	368,301	38,301	356,545	795	11,757	23,244	286,559	22,253	226,442	991	60,117
投信	0	0	0	0	0	0	106	42	0	0	106	42
外資	56,272	523,717	55,241	521,802	1,031	1,915	8,256	141,278	6,560	60,015	1,696	81,263

## 大額交易人 / TX
日期,商品(契約),商品名稱(契約名稱),到期月份(週別),交易人類別,前五大交易人買方,前五大交易人賣方,前十大交易人買方,前十大交易人賣方,全市場未沖銷部位數
2026/09/10,TX     ,臺股期貨(TX+MTX/4+TMF/20)           ,666666  ,0,1,1,1,1,1
2026/09/10,TX     ,臺股期貨(TX+MTX/4+TMF/20)           ,666666  ,1,0,0,0,0,1
2026/09/10,TX     ,臺股期貨(TX+MTX/4+TMF/20)           ,202609  ,0,65973,48693,72158,67551,102582
2026/09/10,TX     ,臺股期貨(TX+MTX/4+TMF/20)           ,202609  ,1,65973,48693,71094,67551,102582
2026/09/10,TX     ,臺股期貨(TX+MTX/4+TMF/20)           ,999999  ,0,72359,53641,79347,76346,117325
2026/09/10,TX     ,臺股期貨(TX+MTX/4+TMF/20)           ,999999  ,1,72359,53641,76609,76346,117325
