# 2026/09/24  chips-kline 取數依據（只保留實際使用的列）

## 三大法人-期貨 / 臺股期貨
1	臺股期貨	自營商	4,020	38,698,985	2,570	24,746,953	1,450	13,952,031	3,312	31,921,475	4,832	46,534,201	-1,520	-14,612,726
投信	125	1,203,395	820	7,893,777	-695	-6,690,382	75,780	729,382,500	2,916	28,066,500	72,864	701,316,000
外資	36,223	348,409,564	37,132	357,153,247	-909	-8,743,683	9,675	93,125,404	86,706	834,633,936	-77,031	-741,508,532

## 三大法人-選擇權 / 臺指選擇權
1	臺指選擇權	買權	自營商	26,239	253,416	26,536	269,022	-297	-15,606	29,360	1,163,277	17,694	858,221	11,666	305,056
投信	0	0	650	44,191	-650	-44,191	0	0	6,748	504,687	-6,748	-504,687
外資	29,907	301,803	29,903	303,033	4	-1,230	10,099	634,686	11,797	814,190	-1,698	-179,504
賣權	自營商	38,901	344,236	38,840	332,279	61	11,957	23,664	294,529	18,723	187,286	4,941	107,243
投信	0	0	0	0	0	0	105	500	0	0	105	500
外資	47,563	463,921	46,827	467,147	736	-3,226	6,705	115,786	5,060	90,059	1,645	25,727

## 大額交易人 / TX
日期,商品(契約),商品名稱(契約名稱),到期月份(週別),交易人類別,前五大交易人買方,前五大交易人賣方,前十大交易人買方,前十大交易人賣方,全市場未沖銷部位數
2026/09/24,TX     ,臺股期貨(TX+MTX/4+TMF/20)           ,666666  ,0,3,3,4,4,4
2026/09/24,TX     ,臺股期貨(TX+MTX/4+TMF/20)           ,666666  ,1,0,0,0,0,4
2026/09/24,TX     ,臺股期貨(TX+MTX/4+TMF/20)           ,202610  ,0,72171,51434,78199,70805,108898
2026/09/24,TX     ,臺股期貨(TX+MTX/4+TMF/20)           ,202610  ,1,72171,51434,78199,70805,108898
2026/09/24,TX     ,臺股期貨(TX+MTX/4+TMF/20)           ,999999  ,0,72172,52547,78200,72259,112848
2026/09/24,TX     ,臺股期貨(TX+MTX/4+TMF/20)           ,999999  ,1,72172,52547,78200,72259,112848
