# 2026/06/23  chips-kline 取數依據（只保留實際使用的列）

## 三大法人-期貨 / 臺股期貨
1	臺股期貨	自營商	7,638	73,618,180	6,155	59,312,661	1,483	14,305,518	5,232	49,772,611	4,302	40,937,838	930	8,834,773
投信	209	1,983,842	1,225	11,626,790	-1,016	-9,642,948	65,128	617,895,387	4,948	46,943,655	60,180	570,951,732
外資	66,487	642,791,401	72,623	702,158,656	-6,136	-59,367,255	10,506	99,682,210	87,008	825,614,957	-76,502	-725,932,747

## 三大法人-選擇權 / 臺指選擇權
1	臺指選擇權	買權	自營商	61,365	626,153	58,722	753,205	2,643	-127,052	25,583	1,254,767	19,399	1,610,404	6,184	-355,637
投信	0	0	0	0	0	0	5	645	1,413	108,312	-1,408	-107,667
外資	42,750	409,499	41,424	396,126	1,326	13,373	7,512	573,963	6,437	857,163	1,075	-283,200
賣權	自營商	54,192	612,415	50,997	610,954	3,195	1,462	28,186	592,742	24,434	575,117	3,752	17,625
投信	0	0	0	0	0	0	87	994	0	0	87	994
外資	37,748	444,973	35,534	427,492	2,214	17,481	16,415	407,976	9,643	332,442	6,772	75,534

## 大額交易人 / TX
日期,商品(契約),商品名稱(契約名稱),到期月份(週別),交易人類別,前五大交易人買方,前五大交易人賣方,前十大交易人買方,前十大交易人賣方,全市場未沖銷部位數
2026/06/23,TX     ,臺股期貨(TX+MTX/4+TMF/20)           ,666666  ,0,21,25,24,27,28
2026/06/23,TX     ,臺股期貨(TX+MTX/4+TMF/20)           ,666666  ,1,0,8,1,8,28
2026/06/23,TX     ,臺股期貨(TX+MTX/4+TMF/20)           ,202607  ,0,61431,63182,72181,82124,109142
2026/06/23,TX     ,臺股期貨(TX+MTX/4+TMF/20)           ,202607  ,1,61431,63182,67149,82124,109142
2026/06/23,TX     ,臺股期貨(TX+MTX/4+TMF/20)           ,999999  ,0,61431,63672,72700,83206,113736
2026/06/23,TX     ,臺股期貨(TX+MTX/4+TMF/20)           ,999999  ,1,61431,63672,67149,83206,113736
