# 2026/07/03  chips-kline 取數依據（只保留實際使用的列）

## 三大法人-期貨 / 臺股期貨
1	臺股期貨	自營商	6,902	63,961,116	7,547	70,285,380	-645	-6,324,264	7,819	73,643,562	4,748	44,743,825	3,071	28,899,737
投信	965	9,073,074	162	1,519,104	803	7,553,970	73,101	687,152,298	5,888	55,383,342	67,213	631,768,956
外資	84,770	786,164,437	81,315	754,354,151	3,455	31,810,286	6,178	58,097,693	87,230	820,121,380	-81,052	-762,023,687

## 三大法人-選擇權 / 臺指選擇權
1	臺指選擇權	買權	自營商	98,827	805,787	96,341	684,613	2,486	121,174	16,489	1,196,749	17,979	1,478,984	-1,490	-282,235
投信	0	0	800	63,497	-800	-63,497	6	510	1,541	103,732	-1,535	-103,222
外資	139,659	824,467	140,122	829,317	-463	-4,850	5,574	450,228	6,215	796,046	-641	-345,818
賣權	自營商	111,646	714,440	122,622	724,874	-10,976	-10,434	24,216	438,286	21,502	412,022	2,714	26,264
投信	100	41	0	0	100	41	87	384	0	0	87	384
外資	129,824	840,362	131,856	850,190	-2,032	-9,828	17,877	306,663	11,754	219,890	6,123	86,773

## 大額交易人 / TX
日期,商品(契約),商品名稱(契約名稱),到期月份(週別),交易人類別,前五大交易人買方,前五大交易人賣方,前十大交易人買方,前十大交易人賣方,全市場未沖銷部位數
2026/07/03,TX     ,臺股期貨(TX+MTX/4+TMF/20)           ,666666  ,0,14,14,15,15,15
2026/07/03,TX     ,臺股期貨(TX+MTX/4+TMF/20)           ,666666  ,1,0,0,0,0,15
2026/07/03,TX     ,臺股期貨(TX+MTX/4+TMF/20)           ,202607  ,0,66117,58550,75149,78829,110141
2026/07/03,TX     ,臺股期貨(TX+MTX/4+TMF/20)           ,202607  ,1,63283,58550,72314,78829,110141
2026/07/03,TX     ,臺股期貨(TX+MTX/4+TMF/20)           ,999999  ,0,67030,60376,76062,80987,117292
2026/07/03,TX     ,臺股期貨(TX+MTX/4+TMF/20)           ,999999  ,1,63283,60376,72314,80987,117292
