# 2026/06/16  chips-kline 取數依據（只保留實際使用的列）

## 三大法人-期貨 / 臺股期貨
1	臺股期貨	自營商	10,739	98,568,214	11,303	103,693,713	-564	-5,125,499	7,794	71,494,678	5,575	51,185,998	2,219	20,308,680
投信	22,087	202,656,405	22,895	209,706,038	-808	-7,049,633	62,169	569,947,048	5,275	48,343,375	56,894	521,603,673
外資	82,664	758,125,629	85,809	787,434,876	-3,145	-29,309,247	11,803	108,137,171	81,650	748,469,715	-69,847	-640,332,544

## 三大法人-選擇權 / 臺指選擇權
1	臺指選擇權	買權	自營商	40,307	439,826	38,160	441,680	2,147	-1,854	41,129	2,889,749	25,891	3,457,651	15,238	-567,902
投信	100	16,679	0	0	100	16,679	1	253	1,536	213,703	-1,535	-213,450
外資	37,716	432,042	37,685	437,607	31	-5,565	14,514	2,503,967	11,216	2,154,365	3,298	349,602
賣權	自營商	44,046	364,666	56,364	408,094	-12,318	-43,429	44,936	245,437	61,250	378,691	-16,314	-133,254
投信	0	0	0	0	0	0	273	74	0	0	273	74
外資	55,708	514,376	52,799	528,394	2,909	-14,017	39,374	365,928	23,783	252,752	15,591	113,176

## 大額交易人 / TX
日期,商品(契約),商品名稱(契約名稱),到期月份(週別),交易人類別,前五大交易人買方,前五大交易人賣方,前十大交易人買方,前十大交易人賣方,全市場未沖銷部位數
2026/06/16,TX     ,臺股期貨(TX+MTX/4+TMF/20)           ,666666  ,0,10,11,11,11,11
2026/06/16,TX     ,臺股期貨(TX+MTX/4+TMF/20)           ,666666  ,1,0,0,0,0,11
2026/06/16,TX     ,臺股期貨(TX+MTX/4+TMF/20)           ,202606  ,0,12608,8522,15408,13184,28990
2026/06/16,TX     ,臺股期貨(TX+MTX/4+TMF/20)           ,202606  ,1,3381,4659,5658,8040,28990
2026/06/16,TX     ,臺股期貨(TX+MTX/4+TMF/20)           ,999999  ,0,60507,57575,74825,76133,117200
2026/06/16,TX     ,臺股期貨(TX+MTX/4+TMF/20)           ,999999  ,1,51333,57575,62490,73291,117200
