# 2026/07/24  chips-kline 取數依據（只保留實際使用的列）

## 三大法人-期貨 / 臺股期貨
1	臺股期貨	自營商	6,958	61,349,062	5,421	47,735,722	1,537	13,613,340	6,543	57,441,056	4,285	37,623,080	2,258	19,817,976
投信	135	1,193,316	1,789	15,643,857	-1,654	-14,450,541	80,216	702,916,765	6,378	55,889,138	73,838	647,027,627
外資	69,751	615,831,080	70,795	625,297,768	-1,044	-9,466,688	7,107	62,281,378	83,367	730,645,145	-76,260	-668,363,767

## 三大法人-選擇權 / 臺指選擇權
1	臺指選擇權	買權	自營商	94,839	530,070	112,651	489,096	-17,812	40,974	18,854	740,706	14,735	668,968	4,119	71,738
投信	0	0	1,030	90,564	-1,030	-90,564	11	700	2,124	119,741	-2,113	-119,041
外資	112,025	598,381	112,155	616,383	-130	-18,002	5,075	257,549	4,452	328,130	623	-70,581
賣權	自營商	89,653	668,111	96,889	712,398	-7,236	-44,287	18,833	726,554	15,404	687,574	3,429	38,980
投信	160	114	0	0	160	114	9	710	0	0	9	710
外資	126,687	881,859	126,025	893,052	662	-11,193	13,740	519,320	10,764	435,273	2,976	84,047

## 大額交易人 / TX
日期,商品(契約),商品名稱(契約名稱),到期月份(週別),交易人類別,前五大交易人買方,前五大交易人賣方,前十大交易人買方,前十大交易人賣方,全市場未沖銷部位數
2026/07/24,TX     ,臺股期貨(TX+MTX/4+TMF/20)           ,666666  ,0,5,8,7,8,8
2026/07/24,TX     ,臺股期貨(TX+MTX/4+TMF/20)           ,666666  ,1,0,0,0,0,8
2026/07/24,TX     ,臺股期貨(TX+MTX/4+TMF/20)           ,202608  ,0,74926,52326,82392,71435,110800
2026/07/24,TX     ,臺股期貨(TX+MTX/4+TMF/20)           ,202608  ,1,74926,52326,80870,71435,110800
2026/07/24,TX     ,臺股期貨(TX+MTX/4+TMF/20)           ,999999  ,0,74926,54132,84159,74361,117298
2026/07/24,TX     ,臺股期貨(TX+MTX/4+TMF/20)           ,999999  ,1,74926,54132,80163,74361,117298
