# 2026/07/30  chips-kline 取數依據（只保留實際使用的列）

## 三大法人-期貨 / 臺股期貨
1	臺股期貨	自營商	8,948	72,462,872	9,565	77,393,618	-617	-4,930,746	6,991	56,441,635	4,995	40,306,880	1,996	16,134,755
投信	1,291	10,408,120	176	1,421,729	1,115	8,986,390	79,257	638,589,500	3,400	27,394,480	75,857	611,195,020
外資	109,127	883,393,887	107,346	869,072,904	1,781	14,320,983	13,822	111,431,104	94,839	764,338,993	-81,017	-652,907,889

## 三大法人-選擇權 / 臺指選擇權
1	臺指選擇權	買權	自營商	52,835	674,734	49,894	623,167	2,941	51,567	30,915	663,961	24,523	454,493	6,392	209,468
投信	0	0	190	8,396	-190	-8,396	11	180	2,714	174,969	-2,703	-174,789
外資	36,211	543,219	36,248	568,628	-37	-25,409	7,224	166,107	7,022	232,423	202	-66,316
賣權	自營商	42,309	726,274	46,893	896,306	-4,584	-170,032	24,825	1,754,914	17,827	1,298,662	6,998	456,252
投信	100	1,638	0	0	100	1,638	145	3,535	0	0	145	3,535
外資	38,636	612,515	39,063	634,353	-427	-21,838	16,433	1,186,787	13,202	1,105,239	3,231	81,548

## 大額交易人 / TX
日期,商品(契約),商品名稱(契約名稱),到期月份(週別),交易人類別,前五大交易人買方,前五大交易人賣方,前十大交易人買方,前十大交易人賣方,全市場未沖銷部位數
2026/07/30,TX     ,臺股期貨(TX+MTX/4+TMF/20)           ,666666  ,0,18,18,19,19,19
2026/07/30,TX     ,臺股期貨(TX+MTX/4+TMF/20)           ,666666  ,1,0,0,0,0,19
2026/07/30,TX     ,臺股期貨(TX+MTX/4+TMF/20)           ,202608  ,0,74381,56305,83911,79128,116133
2026/07/30,TX     ,臺股期貨(TX+MTX/4+TMF/20)           ,202608  ,1,74381,56305,82465,79128,116133
2026/07/30,TX     ,臺股期貨(TX+MTX/4+TMF/20)           ,999999  ,0,74381,59944,85811,84359,125031
2026/07/30,TX     ,臺股期貨(TX+MTX/4+TMF/20)           ,999999  ,1,74381,59944,81498,84359,125031
