# 2026/10/02  chips-kline 取數依據（只保留實際使用的列）

## 三大法人-期貨 / 臺股期貨
1	臺股期貨	自營商	3,841	37,309,528	3,413	33,195,824	428	4,113,704	3,340	32,542,978	4,346	42,332,814	-1,006	-9,789,836
投信	111	1,080,923	57	554,805	54	526,118	77,530	754,661,514	2,861	27,848,402	74,669	726,813,112
外資	39,654	384,847,667	40,456	392,518,448	-802	-7,670,781	11,893	115,776,656	92,197	897,518,757	-80,304	-781,742,101

## 三大法人-選擇權 / 臺指選擇權
1	臺指選擇權	買權	自營商	71,525	597,675	77,521	376,425	-5,996	221,250	21,326	1,100,378	16,660	917,499	4,666	182,879
投信	0	0	3,100	232,263	-3,100	-232,263	0	0	5,620	420,409	-5,620	-420,409
外資	110,844	532,331	111,325	522,985	-481	9,346	9,690	661,999	10,803	849,681	-1,113	-187,682
賣權	自營商	75,505	292,942	75,627	275,308	-122	17,634	17,749	199,916	13,146	111,666	4,603	88,250
投信	0	0	0	0	0	0	105	156	0	0	105	156
外資	100,159	473,698	104,402	481,708	-4,243	-8,010	4,998	73,129	4,417	43,404	581	29,725

## 大額交易人 / TX
日期,商品(契約),商品名稱(契約名稱),到期月份(週別),交易人類別,前五大交易人買方,前五大交易人賣方,前十大交易人買方,前十大交易人賣方,全市場未沖銷部位數
2026/10/02,TX     ,臺股期貨(TX+MTX/4+TMF/20)           ,666666  ,0,46,57,55,58,58
2026/10/02,TX     ,臺股期貨(TX+MTX/4+TMF/20)           ,666666  ,1,0,46,3,46,58
2026/10/02,TX     ,臺股期貨(TX+MTX/4+TMF/20)           ,202610  ,0,73290,55954,80719,76942,114626
2026/10/02,TX     ,臺股期貨(TX+MTX/4+TMF/20)           ,202610  ,1,73290,55954,80719,76942,114626
2026/10/02,TX     ,臺股期貨(TX+MTX/4+TMF/20)           ,999999  ,0,73291,57034,80841,78636,118531
2026/10/02,TX     ,臺股期貨(TX+MTX/4+TMF/20)           ,999999  ,1,73291,57034,79928,78636,118531
