# 2026/06/11  chips-kline 取數依據（只保留實際使用的列）

## 三大法人-期貨 / 臺股期貨
1	臺股期貨	自營商	12,484	107,353,729	13,190	113,526,187	-706	-6,172,458	8,380	72,540,972	4,225	36,624,401	4,155	35,916,571
投信	4,977	42,847,643	3,851	33,080,415	1,126	9,767,228	61,092	528,175,333	5,780	49,961,164	55,312	478,214,169
外資	131,010	1,128,010,289	132,192	1,138,328,574	-1,182	-10,318,285	8,969	77,542,654	72,137	623,778,711	-63,168	-546,236,057

## 三大法人-選擇權 / 臺指選擇權
1	臺指選擇權	買權	自營商	59,460	655,082	54,105	663,534	5,355	-8,452	37,049	1,830,180	28,809	2,435,718	8,240	-605,538
投信	40	657	800	46,066	-760	-45,409	1	138	1,596	113,369	-1,595	-113,231
外資	53,226	583,854	53,573	593,950	-347	-10,096	12,716	1,794,237	10,128	1,389,087	2,588	405,150
賣權	自營商	68,125	1,067,535	61,424	962,928	6,701	104,607	46,772	709,092	41,282	768,264	5,490	-59,172
投信	0	0	0	0	0	0	193	974	0	0	193	974
外資	51,723	834,058	52,673	850,836	-950	-16,778	26,598	748,351	21,185	523,676	5,413	224,675

## 大額交易人 / TX
日期,商品(契約),商品名稱(契約名稱),到期月份(週別),交易人類別,前五大交易人買方,前五大交易人賣方,前十大交易人買方,前十大交易人賣方,全市場未沖銷部位數
2026/06/11,TX     ,臺股期貨(TX+MTX/4+TMF/20)           ,666666  ,0,0,0,0,0,0
2026/06/11,TX     ,臺股期貨(TX+MTX/4+TMF/20)           ,666666  ,1,0,0,0,0,0
2026/06/11,TX     ,臺股期貨(TX+MTX/4+TMF/20)           ,202606  ,0,50693,45865,59131,58637,86082
2026/06/11,TX     ,臺股期貨(TX+MTX/4+TMF/20)           ,202606  ,1,46434,45865,54872,56782,86082
2026/06/11,TX     ,臺股期貨(TX+MTX/4+TMF/20)           ,999999  ,0,57884,52079,67202,68981,104818
2026/06/11,TX     ,臺股期貨(TX+MTX/4+TMF/20)           ,999999  ,1,52802,52079,62120,66334,104818
