# 2026/06/03  chips-kline 取數依據（只保留實際使用的列）

## 三大法人-期貨 / 臺股期貨
1	臺股期貨	自營商	6,391	59,718,624	6,420	59,993,729	-29	-275,105	6,981	65,510,088	4,507	42,336,826	2,474	23,173,262
投信	1,630	15,277,478	91	852,449	1,539	14,425,029	56,541	529,868,336	5,237	49,078,022	51,304	480,790,314
外資	52,717	491,986,093	52,540	490,327,675	177	1,658,418	15,473	145,006,636	82,245	770,823,207	-66,772	-625,816,571

## 三大法人-選擇權 / 臺指選擇權
1	臺指選擇權	買權	自營商	89,220	715,078	96,182	594,550	-6,962	120,528	16,820	2,858,308	17,127	3,914,337	-307	-1,056,029
投信	0	0	11	837	-11	-837	1	310	418	110,490	-417	-110,180
外資	123,196	783,569	124,505	786,418	-1,309	-2,848	9,531	2,910,816	6,864	2,274,248	2,667	636,568
賣權	自營商	105,504	445,985	129,636	486,699	-24,132	-40,714	31,965	163,187	28,332	231,921	3,633	-68,734
投信	0	0	0	0	0	0	93	167	0	0	93	167
外資	138,125	713,673	138,134	724,995	-9	-11,322	23,271	208,429	16,242	117,878	7,029	90,551

## 大額交易人 / TX
日期,商品(契約),商品名稱(契約名稱),到期月份(週別),交易人類別,前五大交易人買方,前五大交易人賣方,前十大交易人買方,前十大交易人賣方,全市場未沖銷部位數
2026/06/03,TX     ,臺股期貨(TX+MTX/4+TMF/20)           ,666666  ,0,30,31,31,31,31
2026/06/03,TX     ,臺股期貨(TX+MTX/4+TMF/20)           ,666666  ,1,0,3,0,3,31
2026/06/03,TX     ,臺股期貨(TX+MTX/4+TMF/20)           ,202606  ,0,57261,57943,69973,74172,105331
2026/06/03,TX     ,臺股期貨(TX+MTX/4+TMF/20)           ,202606  ,1,57261,57943,64190,74172,105331
2026/06/03,TX     ,臺股期貨(TX+MTX/4+TMF/20)           ,999999  ,0,57365,58997,70897,76446,112244
2026/06/03,TX     ,臺股期貨(TX+MTX/4+TMF/20)           ,999999  ,1,57365,58997,64294,76446,112244
