# 2026/06/05  chips-kline 取數依據（只保留實際使用的列）

## 三大法人-期貨 / 臺股期貨
1	臺股期貨	自營商	11,223	101,997,410	9,722	88,419,368	1,501	13,578,042	9,340	84,592,783	4,533	41,137,250	4,807	43,455,533
投信	580	5,254,587	278	2,518,148	302	2,736,439	57,526	520,334,193	5,366	48,536,543	52,160	471,797,650
外資	94,404	860,482,411	93,388	851,319,592	1,016	9,162,819	12,857	116,302,993	82,003	741,862,012	-69,146	-625,559,019

## 三大法人-選擇權 / 臺指選擇權
1	臺指選擇權	買權	自營商	132,256	738,518	149,107	721,255	-16,851	17,263	18,627	2,233,214	19,723	3,086,133	-1,096	-852,919
投信	0	0	1	42	-1	-42	1	229	419	78,481	-418	-78,252
外資	136,582	668,125	138,712	685,152	-2,130	-17,028	9,785	2,340,796	7,371	1,833,233	2,414	507,563
賣權	自營商	121,317	1,049,584	127,228	921,960	-5,911	127,624	33,646	348,316	28,631	342,907	5,015	5,409
投信	0	0	0	0	0	0	93	189	0	0	93	189
外資	150,998	1,093,560	151,710	1,120,225	-712	-26,664	23,584	334,574	17,093	234,602	6,491	99,972

## 大額交易人 / TX
日期,商品(契約),商品名稱(契約名稱),到期月份(週別),交易人類別,前五大交易人買方,前五大交易人賣方,前十大交易人買方,前十大交易人賣方,全市場未沖銷部位數
2026/06/05,TX     ,臺股期貨(TX+MTX/4+TMF/20)           ,666666  ,0,48,55,51,56,56
2026/06/05,TX     ,臺股期貨(TX+MTX/4+TMF/20)           ,666666  ,1,0,0,0,0,56
2026/06/05,TX     ,臺股期貨(TX+MTX/4+TMF/20)           ,202606  ,0,55667,58314,67351,74707,104269
2026/06/05,TX     ,臺股期貨(TX+MTX/4+TMF/20)           ,202606  ,1,51143,58314,62828,74707,104269
2026/06/05,TX     ,臺股期貨(TX+MTX/4+TMF/20)           ,999999  ,0,56253,59324,68138,77851,113073
2026/06/05,TX     ,臺股期貨(TX+MTX/4+TMF/20)           ,999999  ,1,51143,59324,63029,77851,113073
