# 2026/06/02  chips-kline 取數依據（只保留實際使用的列）

## 三大法人-期貨 / 臺股期貨
1	臺股期貨	自營商	7,546	69,314,961	7,439	68,414,885	107	900,076	7,664	70,749,158	5,100	47,123,735	2,564	23,625,423
投信	1,408	12,981,051	62	569,613	1,346	12,411,438	55,075	507,824,545	5,310	48,961,386	49,765	458,863,159
外資	72,749	669,381,423	75,092	690,930,652	-2,343	-21,549,229	15,432	142,293,027	82,450	760,288,172	-67,018	-617,995,145

## 三大法人-選擇權 / 臺指選擇權
1	臺指選擇權	買權	自營商	55,983	600,838	53,713	677,499	2,270	-76,661	30,008	2,626,754	24,678	3,705,956	5,330	-1,079,202
投信	0	0	85	729	-85	-729	1	275	492	96,932	-491	-96,657
外資	71,159	726,579	71,155	744,069	4	-17,490	13,239	2,734,263	9,639	2,136,970	3,600	597,293
賣權	自營商	60,546	534,052	60,107	542,493	439	-8,442	40,069	210,338	35,209	279,343	4,860	-69,005
投信	0	0	0	0	0	0	93	287	0	0	93	287
外資	80,927	808,549	80,290	803,475	637	5,074	26,514	277,144	19,060	167,909	7,454	109,235

## 大額交易人 / TX
日期,商品(契約),商品名稱(契約名稱),到期月份(週別),交易人類別,前五大交易人買方,前五大交易人賣方,前十大交易人買方,前十大交易人賣方,全市場未沖銷部位數
2026/06/02,TX     ,臺股期貨(TX+MTX/4+TMF/20)           ,666666  ,0,37,38,40,42,43
2026/06/02,TX     ,臺股期貨(TX+MTX/4+TMF/20)           ,666666  ,1,1,3,1,3,43
2026/06/02,TX     ,臺股期貨(TX+MTX/4+TMF/20)           ,202606  ,0,55886,58420,69326,74036,105291
2026/06/02,TX     ,臺股期貨(TX+MTX/4+TMF/20)           ,202606  ,1,55886,58420,62718,74036,105291
2026/06/02,TX     ,臺股期貨(TX+MTX/4+TMF/20)           ,999999  ,0,55959,59274,70194,76219,112001
2026/06/02,TX     ,臺股期貨(TX+MTX/4+TMF/20)           ,999999  ,1,51898,59274,62747,76219,112001
