# 2026/07/02  chips-kline 取數依據（只保留實際使用的列）

## 三大法人-期貨 / 臺股期貨
1	臺股期貨	自營商	7,514	70,098,107	5,472	51,144,087	2,042	18,954,019	8,087	75,529,454	4,404	41,166,023	3,683	34,363,431
投信	153	1,428,155	937	8,750,214	-784	-7,322,059	72,344	674,335,777	5,934	55,346,320	66,410	618,989,457
外資	72,116	673,218,146	72,383	675,942,850	-267	-2,724,705	4,770	44,480,749	89,257	832,138,161	-84,487	-787,657,412

## 三大法人-選擇權 / 臺指選擇權
1	臺指選擇權	買權	自營商	46,618	510,428	45,794	580,744	824	-70,316	23,014	1,168,871	21,629	1,421,600	1,385	-252,729
投信	0	0	150	6,543	-150	-6,543	6	468	1,591	110,709	-1,585	-110,241
外資	33,831	375,550	33,985	393,215	-154	-17,665	6,860	444,411	7,521	761,543	-661	-317,132
賣權	自營商	52,263	570,195	46,358	538,799	5,905	31,396	31,942	544,528	23,843	495,435	8,099	49,093
投信	0	0	0	0	0	0	87	527	0	0	87	527
外資	32,787	446,391	31,982	436,038	805	10,353	19,009	382,083	13,429	289,464	5,580	92,619

## 大額交易人 / TX
日期,商品(契約),商品名稱(契約名稱),到期月份(週別),交易人類別,前五大交易人買方,前五大交易人賣方,前十大交易人買方,前十大交易人賣方,全市場未沖銷部位數
2026/07/02,TX     ,臺股期貨(TX+MTX/4+TMF/20)           ,666666  ,0,11,12,12,12,12
2026/07/02,TX     ,臺股期貨(TX+MTX/4+TMF/20)           ,666666  ,1,0,0,0,0,12
2026/07/02,TX     ,臺股期貨(TX+MTX/4+TMF/20)           ,202607  ,0,66205,59607,76074,80046,112272
2026/07/02,TX     ,臺股期貨(TX+MTX/4+TMF/20)           ,202607  ,1,62507,59607,69290,80046,112272
2026/07/02,TX     ,臺股期貨(TX+MTX/4+TMF/20)           ,999999  ,0,66794,61288,77073,82050,119108
2026/07/02,TX     ,臺股期貨(TX+MTX/4+TMF/20)           ,999999  ,1,59011,61288,69290,82050,119108
