# 2026/07/15  chips-kline 取數依據（只保留實際使用的列）

## 三大法人-期貨 / 臺股期貨
1	臺股期貨	自營商	8,774	79,913,086	10,717	97,646,365	-1,943	-17,733,279	3,941	36,404,678	4,605	42,508,599	-664	-6,103,921
投信	6,242	57,219,234	4,469	40,853,445	1,773	16,365,789	81,601	751,806,333	5,955	54,864,606	75,646	696,941,727
外資	61,727	561,690,489	60,535	551,182,103	1,192	10,508,385	7,319	67,433,521	86,876	800,498,844	-79,557	-733,065,323

## 三大法人-選擇權 / 臺指選擇權
1	臺指選擇權	買權	自營商	73,228	630,323	76,331	471,553	-3,103	158,770	19,604	902,456	9,242	517,237	10,362	385,219
投信	6	639	965	63,543	-959	-62,904	6	648	1,329	75,515	-1,323	-74,867
外資	110,083	675,985	110,611	725,300	-528	-49,315	1,487	244,543	3,107	442,284	-1,620	-197,741
賣權	自營商	79,906	417,048	94,836	422,645	-14,930	-5,598	13,817	330,049	8,825	327,437	4,992	2,612
投信	6	411	0	0	6	411	6	366	0	0	6	366
外資	110,899	583,872	115,500	624,771	-4,601	-40,900	9,655	245,352	6,516	174,679	3,139	70,673

## 大額交易人 / TX
日期,商品(契約),商品名稱(契約名稱),到期月份(週別),交易人類別,前五大交易人買方,前五大交易人賣方,前十大交易人買方,前十大交易人賣方,全市場未沖銷部位數
2026/07/15,TX     ,臺股期貨(TX+MTX/4+TMF/20)           ,666666  ,0,9,10,10,10,10
2026/07/15,TX     ,臺股期貨(TX+MTX/4+TMF/20)           ,666666  ,1,0,0,0,0,10
2026/07/15,TX     ,臺股期貨(TX+MTX/4+TMF/20)           ,202608  ,0,73975,58617,83253,77071,107018
2026/07/15,TX     ,臺股期貨(TX+MTX/4+TMF/20)           ,202608  ,1,73975,58617,83253,77071,107018
2026/07/15,TX     ,臺股期貨(TX+MTX/4+TMF/20)           ,999999  ,0,73975,59025,83773,77943,111326
2026/07/15,TX     ,臺股期貨(TX+MTX/4+TMF/20)           ,999999  ,1,73975,59025,82138,77943,111326
