# 2026/07/09  chips-kline 取數依據（只保留實際使用的列）

## 三大法人-期貨 / 臺股期貨
1	臺股期貨	自營商	7,489	68,392,046	8,439	77,152,690	-950	-8,760,643	7,455	68,296,266	5,212	47,769,736	2,243	20,526,530
投信	7,421	68,185,516	5,719	52,315,804	1,702	15,869,712	77,706	710,124,202	6,017	55,009,742	71,689	655,114,460
外資	87,694	798,802,069	87,226	794,995,895	468	3,806,174	6,562	60,008,754	87,292	797,925,628	-80,730	-737,916,874

## 三大法人-選擇權 / 臺指選擇權
1	臺指選擇權	買權	自營商	58,956	580,141	52,430	510,853	6,526	69,288	31,286	1,028,955	22,117	956,699	9,169	72,256
投信	357	1,160	384	15,751	-27	-14,591	6	180	1,718	85,767	-1,712	-85,587
外資	37,045	498,931	37,451	528,236	-406	-29,305	8,061	304,843	7,868	585,291	193	-280,448
賣權	自營商	53,905	635,464	51,191	645,603	2,714	-10,139	34,190	626,042	26,176	657,471	8,014	-31,429
投信	120	587	0	0	120	587	207	846	0	0	207	846
外資	42,036	566,022	39,144	555,682	2,892	10,340	23,060	486,057	13,332	351,619	9,728	134,438

## 大額交易人 / TX
日期,商品(契約),商品名稱(契約名稱),到期月份(週別),交易人類別,前五大交易人買方,前五大交易人賣方,前十大交易人買方,前十大交易人賣方,全市場未沖銷部位數
2026/07/09,TX     ,臺股期貨(TX+MTX/4+TMF/20)           ,666666  ,0,4,4,4,4,4
2026/07/09,TX     ,臺股期貨(TX+MTX/4+TMF/20)           ,666666  ,1,0,0,0,0,4
2026/07/09,TX     ,臺股期貨(TX+MTX/4+TMF/20)           ,202607  ,0,59790,52504,68133,68405,98592
2026/07/09,TX     ,臺股期貨(TX+MTX/4+TMF/20)           ,202607  ,1,59790,52504,66010,66069,98592
2026/07/09,TX     ,臺股期貨(TX+MTX/4+TMF/20)           ,999999  ,0,69609,59449,79491,79459,120055
2026/07/09,TX     ,臺股期貨(TX+MTX/4+TMF/20)           ,999999  ,1,66306,59449,76189,79459,120055
