# 2026/09/29  chips-kline 取數依據（只保留實際使用的列）

## 三大法人-期貨 / 臺股期貨
1	臺股期貨	自營商	4,255	40,792,914	3,274	31,373,357	981	9,419,556	3,465	33,150,157	3,953	37,803,474	-488	-4,653,317
投信	68	648,980	120	1,145,387	-52	-496,407	75,767	724,044,605	2,955	28,238,571	72,812	695,806,034
外資	42,631	408,853,009	43,640	418,519,236	-1,009	-9,666,227	8,788	83,983,736	87,817	839,282,583	-79,029	-755,298,847

## 三大法人-選擇權 / 臺指選擇權
1	臺指選擇權	買權	自營商	81,161	435,384	93,074	402,085	-11,913	33,299	26,690	800,590	19,069	724,890	7,621	75,700
投信	0	0	4,500	99,186	-4,500	-99,186	0	0	7,098	234,342	-7,098	-234,342
外資	95,546	433,407	98,706	428,897	-3,160	4,510	9,528	541,836	11,029	700,313	-1,501	-158,477
賣權	自營商	77,282	417,783	83,291	428,779	-6,009	-10,996	17,960	294,681	16,686	192,767	1,274	101,914
投信	0	0	0	0	0	0	105	522	0	0	105	522
外資	103,371	580,480	104,254	563,985	-883	16,494	5,231	120,188	4,655	91,292	576	28,896

## 大額交易人 / TX
日期,商品(契約),商品名稱(契約名稱),到期月份(週別),交易人類別,前五大交易人買方,前五大交易人賣方,前十大交易人買方,前十大交易人賣方,全市場未沖銷部位數
2026/09/29,TX     ,臺股期貨(TX+MTX/4+TMF/20)           ,666666  ,0,7,9,9,11,11
2026/09/29,TX     ,臺股期貨(TX+MTX/4+TMF/20)           ,666666  ,1,0,0,0,0,11
2026/09/29,TX     ,臺股期貨(TX+MTX/4+TMF/20)           ,202610  ,0,71086,51971,77082,72340,108909
2026/09/29,TX     ,臺股期貨(TX+MTX/4+TMF/20)           ,202610  ,1,71086,51971,77082,72340,108909
2026/09/29,TX     ,臺股期貨(TX+MTX/4+TMF/20)           ,999999  ,0,71087,53145,77083,74324,112921
2026/09/29,TX     ,臺股期貨(TX+MTX/4+TMF/20)           ,999999  ,1,71087,53145,77083,74324,112921
