# 2026/10/06  chips-kline 取數依據（只保留實際使用的列）

## 三大法人-期貨 / 臺股期貨
1	臺股期貨	自營商	3,339	33,386,313	3,096	30,976,333	243	2,409,980	3,067	30,757,579	4,951	49,627,020	-1,884	-18,869,441
投信	1,099	11,014,536	35	350,524	1,064	10,664,012	78,956	790,854,878	2,748	27,525,067	76,208	763,329,811
外資	28,633	286,345,523	31,112	311,131,230	-2,479	-24,785,707	12,968	129,921,490	92,485	926,487,705	-79,517	-796,566,215

## 三大法人-選擇權 / 臺指選擇權
1	臺指選擇權	買權	自營商	39,768	295,528	40,462	346,425	-694	-50,898	34,050	2,031,251	25,982	1,455,201	8,068	576,050
投信	0	0	180	13,223	-180	-13,223	0	0	7,950	983,159	-7,950	-983,159
外資	49,590	394,072	49,616	393,579	-26	493	13,343	1,099,763	13,306	1,328,355	37	-228,592
賣權	自營商	47,080	294,139	46,691	266,040	389	28,100	24,930	180,542	23,960	112,144	970	68,398
投信	0	0	0	0	0	0	105	151	0	0	105	151
外資	60,511	763,917	59,708	754,567	803	9,351	11,813	373,958	10,573	338,511	1,240	35,447

## 大額交易人 / TX
日期,商品(契約),商品名稱(契約名稱),到期月份(週別),交易人類別,前五大交易人買方,前五大交易人賣方,前十大交易人買方,前十大交易人賣方,全市場未沖銷部位數
2026/10/06,TX     ,臺股期貨(TX+MTX/4+TMF/20)           ,666666  ,0,42,45,45,47,47
2026/10/06,TX     ,臺股期貨(TX+MTX/4+TMF/20)           ,666666  ,1,8,31,8,31,47
2026/10/06,TX     ,臺股期貨(TX+MTX/4+TMF/20)           ,202610  ,0,75575,56001,83288,77176,116751
2026/10/06,TX     ,臺股期貨(TX+MTX/4+TMF/20)           ,202610  ,1,75575,56001,83288,77176,116751
2026/10/06,TX     ,臺股期貨(TX+MTX/4+TMF/20)           ,999999  ,0,75582,57108,83651,79298,121509
2026/10/06,TX     ,臺股期貨(TX+MTX/4+TMF/20)           ,999999  ,1,75582,57108,82375,79298,121509
