# 2026/06/18  chips-kline 取數依據（只保留實際使用的列）

## 三大法人-期貨 / 臺股期貨
1	臺股期貨	自營商	5,782	53,658,901	5,728	53,248,379	54	410,522	4,252	39,855,646	4,189	39,276,059	63	579,587
投信	1,880	17,543,845	366	3,415,539	1,514	14,128,307	63,555	594,264,672	4,958	46,359,283	58,597	547,905,389
外資	63,627	590,169,033	63,404	588,143,609	223	2,025,425	10,085	94,303,824	78,422	733,360,226	-68,337	-639,056,402

## 三大法人-選擇權 / 臺指選擇權
1	臺指選擇權	買權	自營商	38,068	671,798	31,674	801,652	6,394	-129,855	23,184	1,213,794	15,468	1,352,807	7,716	-139,013
投信	0	0	1,240	78,380	-1,240	-78,380	7	770	1,513	100,196	-1,506	-99,426
外資	28,020	391,235	28,263	413,409	-243	-22,174	4,871	496,591	6,341	789,926	-1,470	-293,335
賣權	自營商	44,854	589,766	45,095	521,595	-241	68,172	23,192	388,437	22,591	369,772	601	18,665
投信	0	0	0	0	0	0	87	1,597	0	0	87	1,597
外資	36,504	512,800	34,208	531,667	2,296	-18,867	13,254	349,361	9,432	284,766	3,822	64,595

## 大額交易人 / TX
日期,商品(契約),商品名稱(契約名稱),到期月份(週別),交易人類別,前五大交易人買方,前五大交易人賣方,前十大交易人買方,前十大交易人賣方,全市場未沖銷部位數
2026/06/18,TX     ,臺股期貨(TX+MTX/4+TMF/20)           ,666666  ,0,8,9,9,10,10
2026/06/18,TX     ,臺股期貨(TX+MTX/4+TMF/20)           ,666666  ,1,0,0,0,0,10
2026/06/18,TX     ,臺股期貨(TX+MTX/4+TMF/20)           ,202607  ,0,59091,59297,68405,74644,99371
2026/06/18,TX     ,臺股期貨(TX+MTX/4+TMF/20)           ,202607  ,1,59091,59297,66450,74644,99371
2026/06/18,TX     ,臺股期貨(TX+MTX/4+TMF/20)           ,999999  ,0,59091,59547,68831,75440,103104
2026/06/18,TX     ,臺股期貨(TX+MTX/4+TMF/20)           ,999999  ,1,59091,59547,66500,75440,103104
