# 2026/05/21  chips-kline 取數依據（只保留實際使用的列）

## 三大法人-期貨 / 臺股期貨
1	臺股期貨	自營商	5,521	45,489,026	6,728	55,367,078	-1,207	-9,878,052	5,861	48,693,493	4,606	38,289,923	1,255	10,403,570
投信	2,212	18,371,805	468	3,887,344	1,744	14,484,461	46,431	385,405,159	5,718	47,462,831	40,713	337,942,328
外資	52,852	434,463,553	54,577	449,007,629	-1,725	-14,544,076	17,834	148,033,147	62,288	517,045,783	-44,454	-369,012,636

## 三大法人-選擇權 / 臺指選擇權
1	臺指選擇權	買權	自營商	43,671	496,614	38,508	632,500	5,163	-135,887	22,476	1,310,058	17,992	1,872,255	4,484	-562,197
投信	0	0	340	25,514	-340	-25,514	7	648	357	28,381	-350	-27,733
外資	39,010	474,983	38,273	464,667	737	10,315	9,600	1,568,230	7,391	949,073	2,209	619,157
賣權	自營商	60,022	451,428	55,541	463,843	4,481	-12,415	26,752	246,926	21,801	270,958	4,951	-24,032
投信	0	0	0	0	0	0	13	503	0	0	13	503
外資	47,847	387,816	48,009	401,397	-162	-13,581	17,736	269,717	14,066	209,500	3,670	60,217

## 大額交易人 / TX
日期,商品(契約),商品名稱(契約名稱),到期月份(週別),交易人類別,前五大交易人買方,前五大交易人賣方,前十大交易人買方,前十大交易人賣方,全市場未沖銷部位數
2026/05/21,TX     ,臺股期貨(TX+MTX/4+TMF/20)           ,666666  ,0,11,14,14,15,16
2026/05/21,TX     ,臺股期貨(TX+MTX/4+TMF/20)           ,666666  ,1,2,0,2,0,16
2026/05/21,TX     ,臺股期貨(TX+MTX/4+TMF/20)           ,202606  ,0,51580,44651,60487,56937,89903
2026/05/21,TX     ,臺股期貨(TX+MTX/4+TMF/20)           ,202606  ,1,51580,44651,58349,56937,89903
2026/05/21,TX     ,臺股期貨(TX+MTX/4+TMF/20)           ,999999  ,0,51581,44872,60624,58076,94372
2026/05/21,TX     ,臺股期貨(TX+MTX/4+TMF/20)           ,999999  ,1,51581,44872,58366,58076,94372
