# 2026/09/02  chips-kline 取數依據（只保留實際使用的列）

## 三大法人-期貨 / 臺股期貨
1	臺股期貨	自營商	6,296	58,579,973	4,076	37,834,482	2,220	20,745,491	4,543	41,994,275	3,434	31,745,961	1,109	10,248,314
投信	72	664,723	1,037	9,575,110	-965	-8,910,387	78,292	722,870,036	3,230	29,822,590	75,062	693,047,446
外資	45,798	426,394,040	50,837	473,603,365	-5,039	-47,209,325	6,686	61,742,821	92,015	849,670,379	-85,329	-787,927,558

## 三大法人-選擇權 / 臺指選擇權
1	臺指選擇權	買權	自營商	80,757	531,315	98,507	486,736	-17,750	44,579	26,073	1,076,150	18,332	811,268	7,741	264,882
投信	0	0	2,904	132,643	-2,904	-132,643	4	322	4,461	200,345	-4,457	-200,023
外資	96,754	542,161	102,406	557,073	-5,652	-14,912	4,482	259,081	8,174	544,585	-3,692	-285,504
賣權	自營商	75,081	451,903	82,085	444,218	-7,004	7,685	16,941	290,925	16,625	233,957	316	56,968
投信	0	0	0	0	0	0	146	874	0	0	146	874
外資	112,659	657,279	112,684	651,233	-25	6,046	5,245	119,963	5,219	75,297	26	44,666

## 大額交易人 / TX
日期,商品(契約),商品名稱(契約名稱),到期月份(週別),交易人類別,前五大交易人買方,前五大交易人賣方,前十大交易人買方,前十大交易人賣方,全市場未沖銷部位數
2026/09/02,TX     ,臺股期貨(TX+MTX/4+TMF/20)           ,666666  ,0,18,19,19,19,19
2026/09/02,TX     ,臺股期貨(TX+MTX/4+TMF/20)           ,666666  ,1,0,0,0,0,19
2026/09/02,TX     ,臺股期貨(TX+MTX/4+TMF/20)           ,202609  ,0,73318,51686,79852,72930,113934
2026/09/02,TX     ,臺股期貨(TX+MTX/4+TMF/20)           ,202609  ,1,73318,51686,78884,72930,113934
2026/09/02,TX     ,臺股期貨(TX+MTX/4+TMF/20)           ,999999  ,0,73377,53110,80816,74557,118119
2026/09/02,TX     ,臺股期貨(TX+MTX/4+TMF/20)           ,999999  ,1,73377,53110,78961,74557,118119
