# 2026/09/03  chips-kline 取數依據（只保留實際使用的列）

## 三大法人-期貨 / 臺股期貨
1	臺股期貨	自營商	3,855	35,534,585	3,759	34,672,656	96	861,929	4,590	42,115,764	3,456	31,705,501	1,134	10,410,263
投信	20	183,254	693	6,349,789	-673	-6,166,535	77,604	711,147,535	3,215	29,461,617	74,389	681,685,918
外資	49,814	459,508,575	46,110	425,413,952	3,704	34,094,623	7,604	69,694,160	89,179	817,326,312	-81,575	-747,632,152

## 三大法人-選擇權 / 臺指選擇權
1	臺指選擇權	買權	自營商	55,731	348,443	54,075	355,835	1,656	-7,391	33,618	921,131	24,221	724,818	9,397	196,313
投信	0	0	0	0	0	0	4	260	4,461	134,139	-4,457	-133,879
外資	50,400	415,435	49,962	422,138	438	-6,704	6,196	238,604	9,450	476,261	-3,254	-237,657
賣權	自營商	56,257	467,847	58,609	472,442	-2,352	-4,595	19,816	356,064	21,852	316,215	-2,036	39,849
投信	0	0	0	0	0	0	146	947	0	0	146	947
外資	65,099	554,077	65,074	571,757	25	-17,679	6,629	144,851	6,578	111,334	51	33,517

## 大額交易人 / TX
日期,商品(契約),商品名稱(契約名稱),到期月份(週別),交易人類別,前五大交易人買方,前五大交易人賣方,前十大交易人買方,前十大交易人賣方,全市場未沖銷部位數
2026/09/03,TX     ,臺股期貨(TX+MTX/4+TMF/20)           ,666666  ,0,12,13,13,13,13
2026/09/03,TX     ,臺股期貨(TX+MTX/4+TMF/20)           ,666666  ,1,0,0,0,0,13
2026/09/03,TX     ,臺股期貨(TX+MTX/4+TMF/20)           ,202609  ,0,72495,49175,79455,70083,111518
2026/09/03,TX     ,臺股期貨(TX+MTX/4+TMF/20)           ,202609  ,1,72495,49175,79455,70083,111518
2026/09/03,TX     ,臺股期貨(TX+MTX/4+TMF/20)           ,999999  ,0,72569,50826,80278,72082,115986
2026/09/03,TX     ,臺股期貨(TX+MTX/4+TMF/20)           ,999999  ,1,72569,50826,78509,72082,115986
