# 2026/05/26  chips-kline 取數依據（只保留實際使用的列）

## 三大法人-期貨 / 臺股期貨
1	臺股期貨	自營商	5,816	51,111,226	5,563	48,875,469	253	2,235,757	7,482	65,691,097	5,489	48,221,111	1,993	17,469,986
投信	466	4,086,302	148	1,296,744	318	2,789,558	48,784	427,972,275	5,448	47,794,214	43,336	380,178,061
外資	42,871	376,915,562	45,745	402,170,266	-2,874	-25,254,704	15,813	138,725,005	70,204	615,914,522	-54,391	-477,189,517

## 三大法人-選擇權 / 臺指選擇權
1	臺指選擇權	買權	自營商	35,764	407,624	35,860	384,444	-96	23,180	27,890	2,040,214	25,892	2,880,859	1,998	-840,645
投信	0	0	120	527	-120	-527	2	353	517	58,936	-515	-58,583
外資	47,060	423,219	46,963	484,274	97	-61,054	12,286	2,224,801	8,965	1,515,555	3,321	709,246
賣權	自營商	42,378	301,439	44,357	311,937	-1,979	-10,498	33,920	213,062	33,432	217,126	488	-4,064
投信	0	0	0	0	0	0	93	1,129	0	0	93	1,129
外資	58,815	492,077	57,205	470,794	1,610	21,283	22,529	167,660	15,486	113,210	7,043	54,450

## 大額交易人 / TX
日期,商品(契約),商品名稱(契約名稱),到期月份(週別),交易人類別,前五大交易人買方,前五大交易人賣方,前十大交易人買方,前十大交易人賣方,全市場未沖銷部位數
2026/05/26,TX     ,臺股期貨(TX+MTX/4+TMF/20)           ,666666  ,0,31,38,35,41,42
2026/05/26,TX     ,臺股期貨(TX+MTX/4+TMF/20)           ,666666  ,1,2,0,2,0,42
2026/05/26,TX     ,臺股期貨(TX+MTX/4+TMF/20)           ,202606  ,0,52860,49433,62903,63926,96879
2026/05/26,TX     ,臺股期貨(TX+MTX/4+TMF/20)           ,202606  ,1,49160,49433,57747,63926,96879
2026/05/26,TX     ,臺股期貨(TX+MTX/4+TMF/20)           ,999999  ,0,53039,49917,63608,65756,102416
2026/05/26,TX     ,臺股期貨(TX+MTX/4+TMF/20)           ,999999  ,1,49165,49917,57779,63596,102416
