# 2026/09/23  chips-kline 取數依據（只保留實際使用的列）

## 三大法人-期貨 / 臺股期貨
1	臺股期貨	自營商	3,676	35,560,918	3,235	31,325,797	441	4,235,122	2,381	23,039,881	5,437	52,561,882	-3,056	-29,522,001
投信	15	144,920	433	4,181,992	-418	-4,037,072	76,472	738,903,053	2,913	28,146,571	73,559	710,756,482
外資	36,860	356,598,963	37,378	361,571,704	-518	-4,972,741	10,855	104,889,546	86,939	840,120,252	-76,084	-735,230,706

## 三大法人-選擇權 / 臺指選擇權
1	臺指選擇權	買權	自營商	77,111	690,512	82,868	435,936	-5,757	254,576	24,603	1,203,723	12,640	847,314	11,963	356,409
投信	0	0	3,350	255,774	-3,350	-255,774	0	0	6,098	508,369	-6,098	-508,369
外資	116,139	567,113	120,542	598,294	-4,403	-31,181	8,651	605,112	10,353	793,461	-1,702	-188,349
賣權	自營商	73,699	358,431	84,386	350,990	-10,687	7,442	17,483	223,877	12,603	134,610	4,880	89,267
投信	0	0	0	0	0	0	105	420	0	0	105	420
外資	124,642	560,679	124,722	578,679	-80	-18,000	4,703	89,879	3,794	64,026	909	25,853

## 大額交易人 / TX
日期,商品(契約),商品名稱(契約名稱),到期月份(週別),交易人類別,前五大交易人買方,前五大交易人賣方,前十大交易人買方,前十大交易人賣方,全市場未沖銷部位數
2026/09/23,TX     ,臺股期貨(TX+MTX/4+TMF/20)           ,666666  ,0,2,2,2,2,2
2026/09/23,TX     ,臺股期貨(TX+MTX/4+TMF/20)           ,666666  ,1,0,0,0,0,2
2026/09/23,TX     ,臺股期貨(TX+MTX/4+TMF/20)           ,202610  ,0,73958,52243,80256,72149,110754
2026/09/23,TX     ,臺股期貨(TX+MTX/4+TMF/20)           ,202610  ,1,73958,52243,80256,72149,110754
2026/09/23,TX     ,臺股期貨(TX+MTX/4+TMF/20)           ,999999  ,0,73959,52668,80257,72755,113966
2026/09/23,TX     ,臺股期貨(TX+MTX/4+TMF/20)           ,999999  ,1,73959,52668,80257,72755,113966
