# 2026/09/30  chips-kline 取數依據（只保留實際使用的列）

## 三大法人-期貨 / 臺股期貨
1	臺股期貨	自營商	3,841	37,176,789	4,377	42,379,045	-536	-5,202,256	3,182	30,800,185	4,252	41,126,379	-1,070	-10,326,194
投信	1,036	10,012,863	9	87,118	1,027	9,925,745	76,739	741,759,174	2,900	28,031,400	73,839	713,727,774
外資	42,583	412,085,921	41,737	403,897,926	846	8,187,995	12,351	119,389,001	90,502	874,887,848	-78,151	-755,498,847

## 三大法人-選擇權 / 臺指選擇權
1	臺指選擇權	買權	自營商	81,837	561,099	86,441	372,238	-4,604	188,861	21,650	965,638	17,499	842,633	4,151	123,005
投信	371	11,153	3,104	196,001	-2,733	-184,848	0	0	5,331	311,507	-5,331	-311,507
外資	102,171	489,103	106,681	487,963	-4,510	1,140	9,440	612,937	10,681	795,216	-1,241	-182,279
賣權	自營商	83,393	328,195	90,032	318,584	-6,639	9,612	17,798	231,030	13,324	140,082	4,474	90,948
投信	0	0	0	0	0	0	105	240	0	0	105	240
外資	105,543	391,248	104,834	402,491	709	-11,242	4,840	83,002	4,170	60,356	670	22,646

## 大額交易人 / TX
日期,商品(契約),商品名稱(契約名稱),到期月份(週別),交易人類別,前五大交易人買方,前五大交易人賣方,前十大交易人買方,前十大交易人賣方,全市場未沖銷部位數
2026/09/30,TX     ,臺股期貨(TX+MTX/4+TMF/20)           ,666666  ,0,3,3,3,3,3
2026/09/30,TX     ,臺股期貨(TX+MTX/4+TMF/20)           ,666666  ,1,0,0,0,0,3
2026/09/30,TX     ,臺股期貨(TX+MTX/4+TMF/20)           ,202610  ,0,73597,54603,80962,74433,112873
2026/09/30,TX     ,臺股期貨(TX+MTX/4+TMF/20)           ,202610  ,1,73597,54603,80962,74433,112873
2026/09/30,TX     ,臺股期貨(TX+MTX/4+TMF/20)           ,999999  ,0,73598,55670,80963,76428,116944
2026/09/30,TX     ,臺股期貨(TX+MTX/4+TMF/20)           ,999999  ,1,73598,55670,80963,76428,116944
