# 2026/05/22  chips-kline 取數依據（只保留實際使用的列）

## 三大法人-期貨 / 臺股期貨
1	臺股期貨	自營商	7,809	65,423,778	8,158	68,471,217	-349	-3,047,439	5,609	47,673,964	4,680	39,796,544	929	7,877,420
投信	1,408	11,958,581	74	625,599	1,334	11,332,982	47,640	404,511,240	5,593	47,490,163	42,047	357,021,077
外資	63,776	533,043,599	65,835	550,237,973	-2,059	-17,194,374	16,747	142,199,476	63,230	536,911,646	-46,483	-394,712,170

## 三大法人-選擇權 / 臺指選擇權
1	臺指選擇權	買權	自營商	93,322	686,614	96,548	635,854	-3,226	50,760	14,212	1,465,951	14,531	2,158,127	-319	-692,176
投信	0	0	0	0	0	0	7	861	357	38,292	-350	-37,431
外資	126,693	770,268	126,794	779,538	-101	-9,270	7,964	1,750,209	6,063	1,096,879	1,901	653,330
賣權	自營商	114,189	448,091	135,124	419,792	-20,935	28,300	19,097	201,980	18,022	192,728	1,075	9,252
投信	0	0	0	0	0	0	13	328	0	0	13	328
外資	107,935	522,120	110,171	561,723	-2,236	-39,603	16,189	184,715	12,296	158,228	3,893	26,487

## 大額交易人 / TX
日期,商品(契約),商品名稱(契約名稱),到期月份(週別),交易人類別,前五大交易人買方,前五大交易人賣方,前十大交易人買方,前十大交易人賣方,全市場未沖銷部位數
2026/05/22,TX     ,臺股期貨(TX+MTX/4+TMF/20)           ,666666  ,0,17,19,19,20,21
2026/05/22,TX     ,臺股期貨(TX+MTX/4+TMF/20)           ,666666  ,1,2,0,2,0,21
2026/05/22,TX     ,臺股期貨(TX+MTX/4+TMF/20)           ,202606  ,0,51790,44993,60472,57234,90411
2026/05/22,TX     ,臺股期貨(TX+MTX/4+TMF/20)           ,202606  ,1,51790,44993,58106,57234,90411
2026/05/22,TX     ,臺股期貨(TX+MTX/4+TMF/20)           ,999999  ,0,51791,45283,60634,58547,95195
2026/05/22,TX     ,臺股期貨(TX+MTX/4+TMF/20)           ,999999  ,1,51791,45283,56944,58547,95195
