# 2026/09/21  chips-kline 取數依據（只保留實際使用的列）

## 三大法人-期貨 / 臺股期貨
1	臺股期貨	自營商	3,731	35,703,361	3,869	37,001,677	-138	-1,298,316	2,199	21,160,444	5,553	53,389,474	-3,354	-32,229,030
投信	112	1,075,791	1,203	11,551,374	-1,091	-10,475,583	76,936	739,401,122	2,917	28,034,120	74,019	711,367,002
外資	33,783	322,135,767	31,749	302,573,048	2,034	19,562,720	10,318	99,165,473	84,399	811,188,890	-74,081	-712,023,417

## 三大法人-選擇權 / 臺指選擇權
1	臺指選擇權	買權	自營商	37,451	360,549	37,189	361,599	262	-1,050	25,221	1,359,840	17,314	872,823	7,907	487,017
投信	0	0	2	243	-2	-243	3	374	6,598	651,552	-6,595	-651,178
外資	38,780	376,233	38,414	374,980	366	1,253	9,205	545,137	11,156	745,298	-1,951	-200,161
賣權	自營商	50,251	372,359	50,840	369,622	-589	2,738	18,190	188,956	16,823	119,084	1,367	69,872
投信	40	94	0	0	40	94	145	667	0	0	145	667
外資	51,005	431,745	50,245	438,787	760	-7,042	6,974	71,535	5,142	47,415	1,832	24,120

## 大額交易人 / TX
日期,商品(契約),商品名稱(契約名稱),到期月份(週別),交易人類別,前五大交易人買方,前五大交易人賣方,前十大交易人買方,前十大交易人賣方,全市場未沖銷部位數
2026/09/21,TX     ,臺股期貨(TX+MTX/4+TMF/20)           ,666666  ,0,63,69,69,71,71
2026/09/21,TX     ,臺股期貨(TX+MTX/4+TMF/20)           ,666666  ,1,0,0,0,0,71
2026/09/21,TX     ,臺股期貨(TX+MTX/4+TMF/20)           ,202610  ,0,73973,49677,80066,69303,110025
2026/09/21,TX     ,臺股期貨(TX+MTX/4+TMF/20)           ,202610  ,1,73973,49677,80066,69303,110025
2026/09/21,TX     ,臺股期貨(TX+MTX/4+TMF/20)           ,999999  ,0,73973,50035,80069,70078,112920
2026/09/21,TX     ,臺股期貨(TX+MTX/4+TMF/20)           ,999999  ,1,73973,50035,80069,70078,112920
