# 2026/09/22  chips-kline 取數依據（只保留實際使用的列）

## 三大法人-期貨 / 臺股期貨
1	臺股期貨	自營商	3,128	30,295,989	3,234	31,338,574	-106	-1,042,585	2,314	22,348,143	5,772	55,695,186	-3,458	-33,347,043
投信	75	722,284	117	1,130,975	-42	-408,691	76,891	741,613,695	2,914	28,105,530	73,977	713,508,165
外資	33,568	325,246,016	35,050	339,587,959	-1,482	-14,341,943	10,740	103,591,002	86,308	832,511,845	-75,568	-728,920,843

## 三大法人-選擇權 / 臺指選擇權
1	臺指選擇權	買權	自營商	60,401	472,300	64,197	506,899	-3,796	-34,599	28,777	1,464,939	24,666	937,662	4,111	527,277
投信	0	0	3	390	-3	-390	0	0	6,598	709,519	-6,598	-709,519
外資	70,964	613,139	70,439	590,950	525	22,189	11,524	627,519	12,950	821,021	-1,426	-193,502
賣權	自營商	64,145	428,770	66,560	415,689	-2,415	13,082	21,630	246,655	22,678	159,135	-1,048	87,520
投信	0	0	0	0	0	0	145	538	0	0	145	538
外資	85,653	629,055	82,030	622,142	3,623	6,913	11,181	114,341	5,726	72,262	5,455	42,079

## 大額交易人 / TX
日期,商品(契約),商品名稱(契約名稱),到期月份(週別),交易人類別,前五大交易人買方,前五大交易人賣方,前十大交易人買方,前十大交易人賣方,全市場未沖銷部位數
2026/09/22,TX     ,臺股期貨(TX+MTX/4+TMF/20)           ,666666  ,0,54,63,59,65,66
2026/09/22,TX     ,臺股期貨(TX+MTX/4+TMF/20)           ,666666  ,1,0,0,0,0,66
2026/09/22,TX     ,臺股期貨(TX+MTX/4+TMF/20)           ,202610  ,0,74589,51715,81106,71223,110321
2026/09/22,TX     ,臺股期貨(TX+MTX/4+TMF/20)           ,202610  ,1,74589,51715,80106,71223,110321
2026/09/22,TX     ,臺股期貨(TX+MTX/4+TMF/20)           ,999999  ,0,74589,52142,81106,72020,113501
2026/09/22,TX     ,臺股期貨(TX+MTX/4+TMF/20)           ,999999  ,1,74589,52142,80106,72020,113501
