# 2026/06/24  chips-kline 取數依據（只保留實際使用的列）

## 三大法人-期貨 / 臺股期貨
1	臺股期貨	自營商	13,158	122,165,226	10,703	99,395,374	2,455	22,769,852	7,647	71,116,316	4,370	40,678,851	3,277	30,437,465
投信	1,469	13,630,490	892	8,287,776	577	5,342,714	66,066	613,184,972	5,309	49,292,113	60,757	563,892,859
外資	96,344	894,829,587	101,221	940,127,312	-4,877	-45,297,725	7,263	67,424,621	90,868	843,522,910	-83,605	-776,098,289

## 三大法人-選擇權 / 臺指選擇權
1	臺指選擇權	買權	自營商	114,183	672,885	133,455	706,002	-19,272	-33,117	14,529	1,106,696	15,302	1,400,944	-773	-294,248
投信	520	13,596	930	55,862	-410	-42,266	5	478	1,543	98,662	-1,538	-98,184
外資	126,667	727,315	128,049	767,055	-1,382	-39,740	4,473	463,743	5,238	715,531	-765	-251,788
賣權	自營商	101,542	985,576	110,154	945,928	-8,612	39,648	22,855	651,130	17,005	620,002	5,850	31,128
投信	10	49	0	0	10	49	87	1,396	0	0	87	1,396
外資	115,490	934,374	115,856	909,123	-366	25,251	14,920	451,334	10,939	353,042	3,981	98,292

## 大額交易人 / TX
日期,商品(契約),商品名稱(契約名稱),到期月份(週別),交易人類別,前五大交易人買方,前五大交易人賣方,前十大交易人買方,前十大交易人賣方,全市場未沖銷部位數
2026/06/24,TX     ,臺股期貨(TX+MTX/4+TMF/20)           ,666666  ,0,12,13,13,13,13
2026/06/24,TX     ,臺股期貨(TX+MTX/4+TMF/20)           ,666666  ,1,0,0,0,0,13
2026/06/24,TX     ,臺股期貨(TX+MTX/4+TMF/20)           ,202607  ,0,61023,62599,72013,85237,110954
2026/06/24,TX     ,臺股期貨(TX+MTX/4+TMF/20)           ,202607  ,1,58022,62599,66050,85237,110954
2026/06/24,TX     ,臺股期貨(TX+MTX/4+TMF/20)           ,999999  ,0,61682,63478,72673,86489,116132
2026/06/24,TX     ,臺股期貨(TX+MTX/4+TMF/20)           ,999999  ,1,58022,63478,66050,86489,116132
