# 2026/05/15  chips-kline 取數依據（只保留實際使用的列）

## 三大法人-期貨 / 臺股期貨
1	臺股期貨	自營商	12,290	102,739,650	12,411	103,790,871	-121	-1,051,221	6,648	54,710,657	5,914	48,610,832	734	6,099,825
投信	4,896	40,741,377	6,274	51,942,482	-1,378	-11,201,104	47,469	389,429,127	5,731	46,991,908	41,738	342,437,219
外資	87,746	733,441,244	87,588	732,432,673	158	1,008,571	20,970	172,118,736	71,933	590,386,950	-50,963	-418,268,214

## 三大法人-選擇權 / 臺指選擇權
1	臺指選擇權	買權	自營商	118,773	596,699	145,398	572,753	-26,625	23,945	28,235	2,396,517	18,228	2,546,555	10,007	-150,038
投信	0	0	0	0	0	0	1	188	430	129,133	-429	-128,945
外資	99,932	577,826	102,108	611,669	-2,176	-33,843	14,387	2,054,597	11,581	1,947,586	2,806	107,011
賣權	自營商	131,343	768,427	132,490	733,110	-1,147	35,317	41,370	402,522	34,903	577,454	6,467	-174,932
投信	0	0	0	0	0	0	127	333	0	0	127	333
外資	129,022	752,191	125,968	728,867	3,054	23,324	25,708	471,082	17,653	288,421	8,055	182,661

## 大額交易人 / TX
日期,商品(契約),商品名稱(契約名稱),到期月份(週別),交易人類別,前五大交易人買方,前五大交易人賣方,前十大交易人買方,前十大交易人賣方,全市場未沖銷部位數
2026/05/15,TX     ,臺股期貨(TX+MTX/4+TMF/20)           ,666666  ,0,0,0,0,0,0
2026/05/15,TX     ,臺股期貨(TX+MTX/4+TMF/20)           ,666666  ,1,0,0,0,0,0
2026/05/15,TX     ,臺股期貨(TX+MTX/4+TMF/20)           ,202605  ,0,46137,41254,55074,53805,81770
2026/05/15,TX     ,臺股期貨(TX+MTX/4+TMF/20)           ,202605  ,1,46137,41254,52862,53805,81770
2026/05/15,TX     ,臺股期貨(TX+MTX/4+TMF/20)           ,999999  ,0,52257,49680,62962,65085,105155
2026/05/15,TX     ,臺股期貨(TX+MTX/4+TMF/20)           ,999999  ,1,52257,49680,58536,65085,105155
