# 2026/09/08  chips-kline 取數依據（只保留實際使用的列）

## 三大法人-期貨 / 臺股期貨
1	臺股期貨	自營商	4,821	45,592,059	3,029	28,647,900	1,792	16,944,160	3,608	33,952,270	3,788	35,608,779	-180	-1,656,509
投信	1,668	15,793,103	2,516	23,696,819	-848	-7,903,716	77,729	730,007,669	3,131	29,403,221	74,598	700,604,448
外資	30,614	289,540,610	33,385	315,860,483	-2,771	-26,319,873	10,316	96,913,020	92,578	869,613,753	-82,262	-772,700,733

## 三大法人-選擇權 / 臺指選擇權
1	臺指選擇權	買權	自營商	38,618	253,944	41,209	308,186	-2,591	-54,241	28,555	1,404,656	25,821	979,544	2,734	425,112
投信	0	0	1	128	-1	-128	2	210	4,417	349,455	-4,415	-349,245
外資	40,791	341,883	40,914	356,996	-123	-15,113	9,295	382,600	11,737	744,586	-2,442	-361,986
賣權	自營商	46,071	293,945	44,761	292,244	1,310	1,701	26,391	278,710	28,518	224,450	-2,127	54,260
投信	0	0	0	0	0	0	106	64	0	0	106	64
外資	52,404	428,223	48,751	396,472	3,653	31,751	11,034	141,211	7,357	67,648	3,677	73,563

## 大額交易人 / TX
日期,商品(契約),商品名稱(契約名稱),到期月份(週別),交易人類別,前五大交易人買方,前五大交易人賣方,前十大交易人買方,前十大交易人賣方,全市場未沖銷部位數
2026/09/08,TX     ,臺股期貨(TX+MTX/4+TMF/20)           ,666666  ,0,15,18,17,20,20
2026/09/08,TX     ,臺股期貨(TX+MTX/4+TMF/20)           ,666666  ,1,0,0,0,0,20
2026/09/08,TX     ,臺股期貨(TX+MTX/4+TMF/20)           ,202609  ,0,72587,51655,79392,71323,110572
2026/09/08,TX     ,臺股期貨(TX+MTX/4+TMF/20)           ,202609  ,1,72587,51655,76958,71323,110572
2026/09/08,TX     ,臺股期貨(TX+MTX/4+TMF/20)           ,999999  ,0,73933,53763,80850,76019,118585
2026/09/08,TX     ,臺股期貨(TX+MTX/4+TMF/20)           ,999999  ,1,73933,53763,78304,76019,118585
