# 2026/09/18  chips-kline 取數依據（只保留實際使用的列）

## 三大法人-期貨 / 臺股期貨
1	臺股期貨	自營商	3,420	32,264,766	5,857	55,268,606	-2,437	-23,003,840	2,183	20,730,858	5,375	51,002,463	-3,192	-30,271,605
投信	1,187	11,257,965	103	977,015	1,084	10,280,950	78,053	740,379,537	2,943	27,916,121	75,110	712,463,416
外資	39,435	371,634,436	36,914	347,963,338	2,521	23,671,098	10,323	97,923,090	86,433	819,924,725	-76,110	-722,001,635

## 三大法人-選擇權 / 臺指選擇權
1	臺指選擇權	買權	自營商	82,698	679,850	82,862	438,367	-164	241,483	21,349	1,033,106	13,704	680,209	7,645	352,897
投信	0	0	4,040	238,667	-4,040	-238,667	5	515	6,598	479,315	-6,593	-478,800
外資	100,468	501,328	100,856	490,539	-388	10,788	7,608	436,549	9,925	591,794	-2,317	-155,245
賣權	自營商	83,470	363,246	95,551	402,391	-12,081	-39,145	14,036	210,735	12,080	135,602	1,956	75,133
投信	100	1,026	0	0	100	1,026	105	829	0	0	105	829
外資	95,626	427,051	99,651	444,909	-4,025	-17,858	4,402	78,385	3,330	47,957	1,072	30,428

## 大額交易人 / TX
日期,商品(契約),商品名稱(契約名稱),到期月份(週別),交易人類別,前五大交易人買方,前五大交易人賣方,前十大交易人買方,前十大交易人賣方,全市場未沖銷部位數
2026/09/18,TX     ,臺股期貨(TX+MTX/4+TMF/20)           ,666666  ,0,67,70,71,72,72
2026/09/18,TX     ,臺股期貨(TX+MTX/4+TMF/20)           ,666666  ,1,0,0,0,0,72
2026/09/18,TX     ,臺股期貨(TX+MTX/4+TMF/20)           ,202610  ,0,74776,48949,80879,70442,109614
2026/09/18,TX     ,臺股期貨(TX+MTX/4+TMF/20)           ,202610  ,1,74776,48949,80879,70442,109614
2026/09/18,TX     ,臺股期貨(TX+MTX/4+TMF/20)           ,999999  ,0,74776,49296,80879,71479,112382
2026/09/18,TX     ,臺股期貨(TX+MTX/4+TMF/20)           ,999999  ,1,74776,49296,80879,71479,112382
