# 2026/07/17  chips-kline 取數依據（只保留實際使用的列）

## 三大法人-期貨 / 臺股期貨
1	臺股期貨	自營商	16,071	141,254,728	12,057	104,446,076	4,014	36,808,652	8,531	72,821,828	3,865	33,034,244	4,666	39,787,584
投信	626	5,404,052	1,675	14,324,541	-1,049	-8,920,490	81,369	693,328,975	6,154	52,437,003	75,215	640,891,972
外資	94,608	831,968,180	95,415	840,939,545	-807	-8,971,364	6,867	58,518,521	93,056	793,051,616	-86,189	-734,533,095

## 三大法人-選擇權 / 臺指選擇權
1	臺指選擇權	買權	自營商	105,055	589,964	125,473	708,140	-20,418	-118,175	17,238	606,549	17,144	605,532	94	1,017
投信	505	10,126	1,051	74,486	-546	-64,360	6	216	1,825	74,825	-1,819	-74,609
外資	119,391	665,473	124,195	704,639	-4,804	-39,166	2,922	185,812	4,033	276,509	-1,111	-90,697
賣權	自營商	91,191	1,066,774	90,545	872,758	646	194,016	18,577	1,079,387	11,161	725,716	7,416	353,671
投信	120	1,727	2	212	118	1,515	124	5,135	0	0	124	5,135
外資	125,090	1,073,032	123,711	1,000,657	1,379	72,375	10,626	686,839	7,285	520,284	3,341	166,555

## 大額交易人 / TX
日期,商品(契約),商品名稱(契約名稱),到期月份(週別),交易人類別,前五大交易人買方,前五大交易人賣方,前十大交易人買方,前十大交易人賣方,全市場未沖銷部位數
2026/07/17,TX     ,臺股期貨(TX+MTX/4+TMF/20)           ,666666  ,0,30,34,33,39,39
2026/07/17,TX     ,臺股期貨(TX+MTX/4+TMF/20)           ,666666  ,1,0,0,0,0,39
2026/07/17,TX     ,臺股期貨(TX+MTX/4+TMF/20)           ,202608  ,0,72450,60634,82882,82333,120037
2026/07/17,TX     ,臺股期貨(TX+MTX/4+TMF/20)           ,202608  ,1,69389,60634,79821,82333,120037
2026/07/17,TX     ,臺股期貨(TX+MTX/4+TMF/20)           ,999999  ,0,73129,61613,83561,83606,125152
2026/07/17,TX     ,臺股期貨(TX+MTX/4+TMF/20)           ,999999  ,1,69389,61613,79821,83606,125152
