# 2026/06/15  chips-kline 取數依據（只保留實際使用的列）

## 三大法人-期貨 / 臺股期貨
1	臺股期貨	自營商	9,924	90,158,622	10,872	98,862,773	-948	-8,704,151	8,351	76,308,134	5,733	52,533,648	2,618	23,774,486
投信	29,633	271,222,783	29,042	264,918,411	591	6,304,372	63,010	576,552,736	5,308	48,425,444	57,702	528,127,292
外資	116,193	1,050,669,368	119,107	1,078,046,806	-2,914	-27,377,438	12,920	118,072,928	79,654	728,728,457	-66,734	-610,655,529

## 三大法人-選擇權 / 臺指選擇權
1	臺指選擇權	買權	自營商	35,108	549,167	30,342	519,611	4,766	29,556	35,778	2,815,269	22,687	3,358,314	13,091	-543,045
投信	0	0	40	750	-40	-750	1	245	1,636	221,188	-1,635	-220,943
外資	31,967	489,562	31,047	495,650	920	-6,088	13,737	2,471,076	10,470	2,109,772	3,267	361,304
賣權	自營商	43,984	358,879	46,684	393,432	-2,700	-34,553	44,742	237,650	48,738	346,842	-3,996	-109,192
投信	80	594	0	0	80	594	273	358	0	0	273	358
外資	47,208	470,713	40,474	468,549	6,734	2,164	35,567	382,235	22,885	246,224	12,682	136,011

## 大額交易人 / TX
日期,商品(契約),商品名稱(契約名稱),到期月份(週別),交易人類別,前五大交易人買方,前五大交易人賣方,前十大交易人買方,前十大交易人賣方,全市場未沖銷部位數
2026/06/15,TX     ,臺股期貨(TX+MTX/4+TMF/20)           ,666666  ,0,10,10,10,10,10
2026/06/15,TX     ,臺股期貨(TX+MTX/4+TMF/20)           ,666666  ,1,0,0,0,0,10
2026/06/15,TX     ,臺股期貨(TX+MTX/4+TMF/20)           ,202606  ,0,27437,21610,32210,30710,52545
2026/06/15,TX     ,臺股期貨(TX+MTX/4+TMF/20)           ,202606  ,1,19666,21610,24440,26747,52545
2026/06/15,TX     ,臺股期貨(TX+MTX/4+TMF/20)           ,999999  ,0,61325,55458,74016,73997,114933
2026/06/15,TX     ,臺股期貨(TX+MTX/4+TMF/20)           ,999999  ,1,52331,55458,65022,71005,114933
