# 2026/07/20  chips-kline 取數依據（只保留實際使用的列）

## 三大法人-期貨 / 臺股期貨
1	臺股期貨	自營商	5,897	50,704,025	7,592	65,276,090	-1,695	-14,572,065	7,093	60,637,360	4,119	35,228,147	2,974	25,409,213
投信	222	1,901,270	2,991	25,630,459	-2,769	-23,729,189	78,642	671,005,001	6,196	52,866,750	72,446	618,138,251
外資	99,254	853,672,617	92,693	797,198,998	6,561	56,473,619	10,496	89,561,715	88,833	758,082,784	-78,337	-668,521,069

## 三大法人-選擇權 / 臺指選擇權
1	臺指選擇權	買權	自營商	50,165	474,066	46,467	558,620	3,698	-84,554	25,908	606,838	22,116	678,445	3,792	-71,607
投信	5	415	1	75	4	340	11	545	1,826	63,071	-1,815	-62,526
外資	42,725	526,286	42,220	519,822	505	6,464	4,548	191,334	5,154	270,472	-606	-79,138
賣權	自營商	44,381	733,282	41,954	697,381	2,427	35,900	23,572	1,091,101	13,729	729,575	9,843	361,526
投信	5	396	0	0	5	396	129	4,487	0	0	129	4,487
外資	37,671	625,469	37,704	625,748	-33	-279	11,988	699,656	8,680	532,389	3,308	167,267

## 大額交易人 / TX
日期,商品(契約),商品名稱(契約名稱),到期月份(週別),交易人類別,前五大交易人買方,前五大交易人賣方,前十大交易人買方,前十大交易人賣方,全市場未沖銷部位數
2026/07/20,TX     ,臺股期貨(TX+MTX/4+TMF/20)           ,666666  ,0,34,38,37,42,42
2026/07/20,TX     ,臺股期貨(TX+MTX/4+TMF/20)           ,666666  ,1,0,15,0,15,42
2026/07/20,TX     ,臺股期貨(TX+MTX/4+TMF/20)           ,202608  ,0,73106,57740,83576,78838,115241
2026/07/20,TX     ,臺股期貨(TX+MTX/4+TMF/20)           ,202608  ,1,73106,57740,81088,78838,115241
2026/07/20,TX     ,臺股期貨(TX+MTX/4+TMF/20)           ,999999  ,0,73106,58648,84455,80372,120752
2026/07/20,TX     ,臺股期貨(TX+MTX/4+TMF/20)           ,999999  ,1,73106,58648,79817,80372,120752
