# 2026/09/17  chips-kline 取數依據（只保留實際使用的列）

## 三大法人-期貨 / 臺股期貨
1	臺股期貨	自營商	3,695	34,418,175	4,139	38,625,192	-444	-4,207,016	3,092	28,752,493	3,779	35,131,211	-687	-6,378,718
投信	1,030	9,585,256	50	464,628	980	9,120,628	77,058	716,007,524	3,032	28,172,738	74,026	687,834,786
外資	46,240	430,615,739	48,514	451,626,975	-2,274	-21,011,237	8,161	75,832,972	86,835	806,906,431	-78,674	-731,073,459

## 三大法人-選擇權 / 臺指選擇權
1	臺指選擇權	買權	自營商	58,319	624,382	57,900	693,411	419	-69,030	29,063	877,431	21,735	544,269	7,328	333,162
投信	0	0	887	49,124	-887	-49,124	5	385	6,358	423,834	-6,353	-423,449
外資	52,647	623,932	52,594	594,596	53	29,336	8,674	359,859	10,782	467,886	-2,108	-108,027
賣權	自營商	61,699	549,154	62,319	429,161	-620	119,992	17,550	303,215	19,316	188,773	-1,766	114,442
投信	0	0	0	0	0	0	5	183	0	0	5	183
外資	66,408	478,742	65,078	519,436	1,330	-40,694	7,052	125,105	4,380	92,477	2,672	32,628

## 大額交易人 / TX
日期,商品(契約),商品名稱(契約名稱),到期月份(週別),交易人類別,前五大交易人買方,前五大交易人賣方,前十大交易人買方,前十大交易人賣方,全市場未沖銷部位數
2026/09/17,TX     ,臺股期貨(TX+MTX/4+TMF/20)           ,666666  ,0,23,25,25,26,26
2026/09/17,TX     ,臺股期貨(TX+MTX/4+TMF/20)           ,666666  ,1,0,0,0,0,26
2026/09/17,TX     ,臺股期貨(TX+MTX/4+TMF/20)           ,202610  ,0,73056,49577,78997,71551,106289
2026/09/17,TX     ,臺股期貨(TX+MTX/4+TMF/20)           ,202610  ,1,73056,49577,78997,71551,106289
2026/09/17,TX     ,臺股期貨(TX+MTX/4+TMF/20)           ,999999  ,0,73056,50600,78997,72588,108814
2026/09/17,TX     ,臺股期貨(TX+MTX/4+TMF/20)           ,999999  ,1,73056,50600,78997,72588,108814
