# 2026/06/17  chips-kline 取數依據（只保留實際使用的列）

## 三大法人-期貨 / 臺股期貨
1	臺股期貨	自營商	12,912	117,570,227	11,054	100,735,770	1,858	16,834,456	4,121	38,027,191	4,049	37,364,091	72	663,100
投信	1,911	17,421,574	1,722	15,705,497	189	1,716,077	62,358	573,830,788	5,275	48,541,605	57,083	525,289,183
外資	61,433	559,611,592	62,162	566,362,774	-729	-6,751,182	9,996	91,990,366	77,390	712,242,277	-67,394	-620,251,911

## 三大法人-選擇權 / 臺指選擇權
1	臺指選擇權	買權	自營商	102,570	628,065	113,337	666,604	-10,767	-38,539	11,247	889,709	9,925	879,468	1,322	10,241
投信	47	625	40	1,931	7	-1,305	7	634	273	10,471	-266	-9,837
外資	135,451	744,394	135,411	750,777	40	-6,383	3,056	408,477	4,283	643,224	-1,227	-234,747
賣權	自營商	108,117	605,039	120,718	540,083	-12,601	64,956	12,228	260,937	11,386	317,245	842	-56,308
投信	87	2,039	0	0	87	2,039	87	1,772	0	0	87	1,772
外資	144,349	837,600	146,584	879,306	-2,235	-41,705	8,868	323,784	7,342	241,143	1,526	82,641

## 大額交易人 / TX
日期,商品(契約),商品名稱(契約名稱),到期月份(週別),交易人類別,前五大交易人買方,前五大交易人賣方,前十大交易人買方,前十大交易人賣方,全市場未沖銷部位數
2026/06/17,TX     ,臺股期貨(TX+MTX/4+TMF/20)           ,666666  ,0,4,5,5,5,5
2026/06/17,TX     ,臺股期貨(TX+MTX/4+TMF/20)           ,666666  ,1,0,0,0,0,5
2026/06/17,TX     ,臺股期貨(TX+MTX/4+TMF/20)           ,202607  ,0,57876,57193,67150,73581,96536
2026/06/17,TX     ,臺股期貨(TX+MTX/4+TMF/20)           ,202607  ,1,57876,57193,63789,73581,96536
2026/06/17,TX     ,臺股期貨(TX+MTX/4+TMF/20)           ,999999  ,0,57876,57441,67651,74368,99981
2026/06/17,TX     ,臺股期貨(TX+MTX/4+TMF/20)           ,999999  ,1,57876,57441,63839,74368,99981
