# 2026/07/14  chips-kline 取數依據（只保留實際使用的列）

## 三大法人-期貨 / 臺股期貨
1	臺股期貨	自營商	18,415	165,031,400	17,580	158,013,049	835	7,018,351	7,573	68,237,918	5,221	47,125,630	2,352	21,112,288
投信	30,931	277,031,117	28,852	256,845,189	2,079	20,185,928	79,928	721,505,121	6,055	54,537,257	73,873	666,967,864
外資	130,107	1,166,274,183	132,326	1,187,371,511	-2,219	-21,097,328	10,732	96,522,287	94,122	849,133,079	-83,390	-752,610,792

## 三大法人-選擇權 / 臺指選擇權
1	臺指選擇權	買權	自營商	79,980	539,979	74,551	519,561	5,429	20,418	38,609	866,326	26,175	771,200	12,434	95,126
投信	950	10,094	940	48,308	10	-38,214	6	6	1,648	84,733	-1,642	-84,727
外資	75,016	791,634	73,842	789,825	1,174	1,809	11,369	260,987	9,036	462,695	2,333	-201,708
賣權	自營商	65,467	759,789	58,661	646,111	6,806	113,678	33,064	692,777	25,983	675,871	7,081	16,906
投信	80	846	2	99	78	747	165	577	0	0	165	577
外資	88,655	1,130,596	85,157	1,127,002	3,498	3,594	27,170	467,276	13,969	338,247	13,201	129,029

## 大額交易人 / TX
日期,商品(契約),商品名稱(契約名稱),到期月份(週別),交易人類別,前五大交易人買方,前五大交易人賣方,前十大交易人買方,前十大交易人賣方,全市場未沖銷部位數
2026/07/14,TX     ,臺股期貨(TX+MTX/4+TMF/20)           ,666666  ,0,6,6,6,6,6
2026/07/14,TX     ,臺股期貨(TX+MTX/4+TMF/20)           ,666666  ,1,0,0,0,0,6
2026/07/14,TX     ,臺股期貨(TX+MTX/4+TMF/20)           ,202607  ,0,8208,9153,10388,13379,25432
2026/07/14,TX     ,臺股期貨(TX+MTX/4+TMF/20)           ,202607  ,1,6171,9153,7648,11706,25432
2026/07/14,TX     ,臺股期貨(TX+MTX/4+TMF/20)           ,999999  ,0,72469,61283,83986,83458,126091
2026/07/14,TX     ,臺股期貨(TX+MTX/4+TMF/20)           ,999999  ,1,68474,61283,79991,83458,126091
