# 2026/07/28  chips-kline 取數依據（只保留實際使用的列）

## 三大法人-期貨 / 臺股期貨
1	臺股期貨	自營商	9,484	80,190,749	8,795	73,974,196	689	6,216,553	7,675	63,940,834	5,087	42,365,545	2,588	21,575,289
投信	2,080	17,446,952	1,305	10,872,485	775	6,574,466	79,411	660,270,701	4,525	37,623,565	74,886	622,647,136
外資	78,517	668,178,106	81,061	690,521,039	-2,544	-22,342,933	7,401	61,556,313	89,656	745,633,614	-82,255	-684,077,301

## 三大法人-選擇權 / 臺指選擇權
1	臺指選擇權	買權	自營商	56,096	499,460	59,806	556,687	-3,710	-57,227	28,231	536,979	30,556	474,648	-2,325	62,331
投信	1,640	32,842	1,040	69,131	600	-36,289	11	303	1,714	65,469	-1,703	-65,166
外資	53,406	549,072	52,543	537,340	863	11,732	9,886	175,797	7,590	219,536	2,296	-43,739
賣權	自營商	56,830	1,034,815	53,433	813,751	3,397	221,064	30,220	1,560,168	21,488	1,193,393	8,732	366,775
投信	140	3,389	1	147	139	3,242	248	4,304	0	0	248	4,304
外資	63,005	893,119	61,661	867,188	1,344	25,931	20,186	1,035,416	14,161	899,396	6,025	136,020

## 大額交易人 / TX
日期,商品(契約),商品名稱(契約名稱),到期月份(週別),交易人類別,前五大交易人買方,前五大交易人賣方,前十大交易人買方,前十大交易人賣方,全市場未沖銷部位數
2026/07/28,TX     ,臺股期貨(TX+MTX/4+TMF/20)           ,666666  ,0,8,10,10,13,14
2026/07/28,TX     ,臺股期貨(TX+MTX/4+TMF/20)           ,666666  ,1,0,0,0,0,14
2026/07/28,TX     ,臺股期貨(TX+MTX/4+TMF/20)           ,202608  ,0,72896,54739,81610,76135,113574
2026/07/28,TX     ,臺股期貨(TX+MTX/4+TMF/20)           ,202608  ,1,72896,54739,78191,76135,113574
2026/07/28,TX     ,臺股期貨(TX+MTX/4+TMF/20)           ,999999  ,0,73293,57554,83195,80266,121077
2026/07/28,TX     ,臺股期貨(TX+MTX/4+TMF/20)           ,999999  ,1,69936,57554,78246,80266,121077
