# 2026/06/09  chips-kline 取數依據（只保留實際使用的列）

## 三大法人-期貨 / 臺股期貨
1	臺股期貨	自營商	5,988	52,891,379	7,276	64,284,715	-1,288	-11,393,336	8,335	74,574,655	4,258	38,145,962	4,077	36,428,693
投信	2,415	21,553,933	1,036	9,211,485	1,379	12,342,448	60,730	542,665,311	5,477	48,939,186	55,253	493,726,125
外資	86,981	767,160,971	84,593	746,194,035	2,388	20,966,936	9,344	83,501,729	71,215	636,459,151	-61,871	-552,957,422

## 三大法人-選擇權 / 臺指選擇權
1	臺指選擇權	買權	自營商	56,725	660,635	49,211	588,924	7,514	71,712	39,874	2,282,457	31,133	3,013,802	8,741	-731,345
投信	0	0	717	27,758	-717	-27,758	1	204	1,336	122,230	-1,335	-122,026
外資	42,970	491,222	41,105	468,402	1,865	22,820	15,105	2,299,366	10,728	1,763,087	4,377	536,279
賣權	自營商	59,196	600,778	67,836	726,908	-8,640	-126,130	44,389	451,969	44,096	496,170	293	-44,201
投信	0	0	0	0	0	0	193	599	0	0	193	599
外資	49,024	527,175	46,608	507,520	2,416	19,655	30,776	503,435	21,783	342,667	8,993	160,768

## 大額交易人 / TX
日期,商品(契約),商品名稱(契約名稱),到期月份(週別),交易人類別,前五大交易人買方,前五大交易人賣方,前十大交易人買方,前十大交易人賣方,全市場未沖銷部位數
2026/06/09,TX     ,臺股期貨(TX+MTX/4+TMF/20)           ,666666  ,0,45,47,49,49,52
2026/06/09,TX     ,臺股期貨(TX+MTX/4+TMF/20)           ,666666  ,1,1,0,1,0,52
2026/06/09,TX     ,臺股期貨(TX+MTX/4+TMF/20)           ,202606  ,0,55346,49971,65573,64205,95583
2026/06/09,TX     ,臺股期貨(TX+MTX/4+TMF/20)           ,202606  ,1,51404,49971,61631,64205,95583
2026/06/09,TX     ,臺股期貨(TX+MTX/4+TMF/20)           ,999999  ,0,57376,51399,68167,68315,106114
2026/06/09,TX     ,臺股期貨(TX+MTX/4+TMF/20)           ,999999  ,1,52704,51399,61871,68315,106114
