# 2026/07/27  chips-kline 取數依據（只保留實際使用的列）

## 三大法人-期貨 / 臺股期貨
1	臺股期貨	自營商	4,163	36,319,394	4,506	39,391,235	-343	-3,071,842	6,543	57,532,131	4,652	40,896,947	1,891	16,635,184
投信	642	5,616,294	369	3,229,747	273	2,386,548	80,139	703,299,864	6,028	52,901,728	74,111	650,398,136
外資	68,092	594,670,149	69,338	605,548,616	-1,246	-10,878,466	6,870	60,297,206	85,569	751,084,731	-78,699	-690,787,525

## 三大法人-選擇權 / 臺指選擇權
1	臺指選擇權	買權	自營商	38,959	389,457	41,693	408,386	-2,734	-18,930	23,939	799,422	22,554	755,525	1,385	43,897
投信	420	8,611	610	43,968	-190	-35,357	11	697	2,314	153,909	-2,303	-153,212
外資	38,963	486,574	38,153	472,603	810	13,970	7,023	293,758	5,590	347,989	1,433	-54,231
賣權	自營商	45,685	563,545	43,779	525,772	1,906	37,773	25,456	690,381	20,121	623,220	5,335	67,161
投信	100	45	0	0	100	45	109	643	0	0	109	643
外資	46,011	669,675	44,306	692,396	1,705	-22,721	16,978	452,181	12,297	396,779	4,681	55,402

## 大額交易人 / TX
日期,商品(契約),商品名稱(契約名稱),到期月份(週別),交易人類別,前五大交易人買方,前五大交易人賣方,前十大交易人買方,前十大交易人賣方,全市場未沖銷部位數
2026/07/27,TX     ,臺股期貨(TX+MTX/4+TMF/20)           ,666666  ,0,5,8,6,9,9
2026/07/27,TX     ,臺股期貨(TX+MTX/4+TMF/20)           ,666666  ,1,0,0,0,0,9
2026/07/27,TX     ,臺股期貨(TX+MTX/4+TMF/20)           ,202608  ,0,74312,53543,81865,73040,111693
2026/07/27,TX     ,臺股期貨(TX+MTX/4+TMF/20)           ,202608  ,1,74312,53543,79208,73040,111693
2026/07/27,TX     ,臺股期貨(TX+MTX/4+TMF/20)           ,999999  ,0,74312,55516,83395,76303,118217
2026/07/27,TX     ,臺股期貨(TX+MTX/4+TMF/20)           ,999999  ,1,74312,55516,78312,76303,118217
