# 2026/05/19  chips-kline 取數依據（只保留實際使用的列）

## 三大法人-期貨 / 臺股期貨
1	臺股期貨	自營商	13,756	112,006,684	12,858	104,678,682	898	7,328,002	7,824	63,215,213	5,212	42,114,315	2,612	21,100,898
投信	21,730	176,102,534	22,811	184,378,778	-1,081	-8,276,244	44,542	359,886,636	5,900	47,639,720	38,642	312,246,916
外資	107,942	878,849,662	108,319	882,523,148	-377	-3,673,486	21,448	173,101,705	66,824	539,668,003	-45,376	-366,566,298

## 三大法人-選擇權 / 臺指選擇權
1	臺指選擇權	買權	自營商	55,364	410,527	56,813	435,386	-1,449	-24,859	45,451	1,995,554	31,283	2,222,017	14,168	-226,463
投信	0	0	100	740	-100	-740	1	147	530	113,214	-529	-113,067
外資	80,056	742,094	79,985	753,682	71	-11,588	18,650	1,714,261	14,253	1,598,157	4,397	116,104
賣權	自營商	55,641	553,444	56,033	536,041	-392	17,403	56,079	574,591	41,412	694,904	14,667	-120,313
投信	0	0	0	0	0	0	127	37	0	0	127	37
外資	86,952	958,924	86,141	962,853	811	-3,929	29,758	578,096	20,690	396,913	9,068	181,183

## 大額交易人 / TX
日期,商品(契約),商品名稱(契約名稱),到期月份(週別),交易人類別,前五大交易人買方,前五大交易人賣方,前十大交易人買方,前十大交易人賣方,全市場未沖銷部位數
2026/05/19,TX     ,臺股期貨(TX+MTX/4+TMF/20)           ,666666  ,0,2,2,2,2,2
2026/05/19,TX     ,臺股期貨(TX+MTX/4+TMF/20)           ,666666  ,1,0,0,0,0,2
2026/05/19,TX     ,臺股期貨(TX+MTX/4+TMF/20)           ,202605  ,0,5411,6346,7187,8919,22009
2026/05/19,TX     ,臺股期貨(TX+MTX/4+TMF/20)           ,202605  ,1,5411,6346,6559,8241,22009
2026/05/19,TX     ,臺股期貨(TX+MTX/4+TMF/20)           ,999999  ,0,50076,46346,60855,61029,102547
2026/05/19,TX     ,臺股期貨(TX+MTX/4+TMF/20)           ,999999  ,1,47178,46346,57957,61029,102547
