# 2026/07/22  chips-kline 取數依據（只保留實際使用的列）

## 三大法人-期貨 / 臺股期貨
1	臺股期貨	自營商	4,593	41,284,814	4,658	41,905,027	-65	-620,213	5,108	45,727,345	3,969	35,519,201	1,139	10,208,144
投信	461	4,121,525	408	3,659,512	53	462,014	81,796	730,356,484	6,173	55,118,717	75,623	675,237,767
外資	57,256	514,049,610	56,791	509,804,105	465	4,245,505	8,455	75,499,303	85,050	759,539,261	-76,595	-684,039,958

## 三大法人-選擇權 / 臺指選擇權
1	臺指選擇權	買權	自營商	89,465	537,869	94,331	461,780	-4,866	76,088	18,343	850,635	14,181	812,023	4,162	38,612
投信	0	0	220	14,858	-220	-14,858	11	959	1,494	111,468	-1,483	-110,509
外資	117,331	669,749	122,838	672,715	-5,507	-2,966	4,744	324,084	4,327	400,701	417	-76,617
賣權	自營商	96,350	436,388	116,300	462,020	-19,950	-25,633	18,070	545,172	14,001	461,064	4,069	84,108
投信	0	0	0	0	0	0	9	546	0	0	9	546
外資	125,440	600,606	125,141	622,122	299	-21,516	13,093	410,252	10,358	320,843	2,735	89,409

## 大額交易人 / TX
日期,商品(契約),商品名稱(契約名稱),到期月份(週別),交易人類別,前五大交易人買方,前五大交易人賣方,前十大交易人買方,前十大交易人賣方,全市場未沖銷部位數
2026/07/22,TX     ,臺股期貨(TX+MTX/4+TMF/20)           ,666666  ,0,13,13,13,13,13
2026/07/22,TX     ,臺股期貨(TX+MTX/4+TMF/20)           ,666666  ,1,0,0,0,0,13
2026/07/22,TX     ,臺股期貨(TX+MTX/4+TMF/20)           ,202608  ,0,76407,55601,84454,75556,112151
2026/07/22,TX     ,臺股期貨(TX+MTX/4+TMF/20)           ,202608  ,1,76407,55601,82227,75556,112151
2026/07/22,TX     ,臺股期貨(TX+MTX/4+TMF/20)           ,999999  ,0,76407,57084,86002,77319,118181
2026/07/22,TX     ,臺股期貨(TX+MTX/4+TMF/20)           ,999999  ,1,76407,57084,82277,77319,118181
