# 2026/05/27  chips-kline 取數依據（只保留實際使用的列）

## 三大法人-期貨 / 臺股期貨
1	臺股期貨	自營商	8,693	77,589,063	9,070	81,082,613	-377	-3,493,550	6,929	62,131,091	5,268	47,262,502	1,661	14,868,589
投信	2,004	17,932,366	67	600,107	1,937	17,332,259	50,621	453,503,415	5,348	47,911,662	45,273	405,591,753
外資	65,947	588,669,397	67,896	605,976,532	-1,949	-17,307,135	15,979	143,153,197	72,281	647,583,690	-56,302	-504,430,493

## 三大法人-選擇權 / 臺指選擇權
1	臺指選擇權	買權	自營商	128,798	1,023,719	136,898	838,368	-8,100	185,351	15,055	2,113,521	15,231	2,959,052	-176	-845,531
投信	0	0	1	219	-1	-219	1	218	397	73,801	-396	-73,583
外資	155,207	1,003,094	158,775	1,095,626	-3,568	-92,531	7,480	2,251,263	6,267	1,661,938	1,213	589,325
賣權	自營商	140,923	658,343	155,644	719,634	-14,721	-61,291	27,380	195,879	23,533	252,664	3,847	-56,785
投信	0	0	0	0	0	0	93	931	0	0	93	931
外資	176,895	862,951	175,946	854,443	949	8,508	17,153	162,738	13,017	108,822	4,136	53,916

## 大額交易人 / TX
日期,商品(契約),商品名稱(契約名稱),到期月份(週別),交易人類別,前五大交易人買方,前五大交易人賣方,前十大交易人買方,前十大交易人賣方,全市場未沖銷部位數
2026/05/27,TX     ,臺股期貨(TX+MTX/4+TMF/20)           ,666666  ,0,3,4,4,4,4
2026/05/27,TX     ,臺股期貨(TX+MTX/4+TMF/20)           ,666666  ,1,1,0,1,0,4
2026/05/27,TX     ,臺股期貨(TX+MTX/4+TMF/20)           ,202606  ,0,52786,51879,64007,65411,97482
2026/05/27,TX     ,臺股期貨(TX+MTX/4+TMF/20)           ,202606  ,1,52786,51879,58942,65411,97482
2026/05/27,TX     ,臺股期貨(TX+MTX/4+TMF/20)           ,999999  ,0,52910,52330,64697,67257,103186
2026/05/27,TX     ,臺股期貨(TX+MTX/4+TMF/20)           ,999999  ,1,49558,52330,58949,65086,103186
