# 2026/07/01  chips-kline 取數依據（只保留實際使用的列）

## 三大法人-期貨 / 臺股期貨
1	臺股期貨	自營商	6,418	60,587,881	6,351	59,934,030	67	653,852	6,129	58,029,771	4,537	42,959,343	1,592	15,070,428
投信	1,119	10,599,548	548	5,181,909	571	5,417,639	73,084	690,222,783	5,890	55,660,491	67,194	634,562,292
外資	54,357	512,484,562	55,445	522,765,302	-1,088	-10,280,740	5,526	52,203,659	89,694	847,232,264	-84,168	-795,028,605

## 三大法人-選擇權 / 臺指選擇權
1	臺指選擇權	買權	自營商	69,801	560,804	72,509	511,952	-2,708	48,851	15,639	1,304,855	15,078	1,548,933	561	-244,078
投信	229	6,259	357	12,862	-128	-6,603	6	609	1,441	137,290	-1,435	-136,681
外資	102,136	718,757	104,505	721,065	-2,369	-2,307	5,395	512,049	5,902	850,822	-507	-338,773
賣權	自營商	77,806	415,711	91,520	470,588	-13,714	-54,877	22,109	437,916	19,915	417,665	2,194	20,251
投信	80	138	0	0	80	138	87	547	0	0	87	547
外資	122,085	658,200	121,842	667,376	243	-9,177	16,575	330,118	11,800	248,103	4,775	82,015

## 大額交易人 / TX
日期,商品(契約),商品名稱(契約名稱),到期月份(週別),交易人類別,前五大交易人買方,前五大交易人賣方,前十大交易人買方,前十大交易人賣方,全市場未沖銷部位數
2026/07/01,TX     ,臺股期貨(TX+MTX/4+TMF/20)           ,666666  ,0,8,8,8,8,8
2026/07/01,TX     ,臺股期貨(TX+MTX/4+TMF/20)           ,666666  ,1,0,0,0,0,8
2026/07/01,TX     ,臺股期貨(TX+MTX/4+TMF/20)           ,202607  ,0,68246,60749,77280,82820,112828
2026/07/01,TX     ,臺股期貨(TX+MTX/4+TMF/20)           ,202607  ,1,63022,60749,70143,82820,112828
2026/07/01,TX     ,臺股期貨(TX+MTX/4+TMF/20)           ,999999  ,0,68292,61785,78239,84598,119074
2026/07/01,TX     ,臺股期貨(TX+MTX/4+TMF/20)           ,999999  ,1,63022,61785,70143,84598,119074
