# 2026/05/28  chips-kline 取數依據（只保留實際使用的列）

## 三大法人-期貨 / 臺股期貨
1	臺股期貨	自營商	10,254	91,308,112	7,730	68,986,113	2,524	22,321,999	8,355	73,312,811	4,471	39,275,105	3,884	34,037,706
投信	420	3,677,467	926	8,120,866	-506	-4,443,399	50,140	439,617,492	5,373	47,109,389	44,767	392,508,103
外資	97,173	867,914,680	97,718	873,296,653	-545	-5,381,973	16,585	145,414,472	74,781	655,704,587	-58,196	-510,290,115

## 三大法人-選擇權 / 臺指選擇權
1	臺指選擇權	買權	自營商	63,823	851,458	68,601	941,851	-4,778	-90,393	21,478	1,911,457	26,432	2,705,488	-4,954	-794,031
投信	0	0	100	1,794	-100	-1,794	1	176	497	60,361	-496	-60,185
外資	73,728	760,472	73,387	834,188	341	-73,717	10,691	1,996,813	9,137	1,512,653	1,554	484,160
賣權	自營商	74,486	925,233	72,004	855,743	2,482	69,490	35,593	498,554	29,264	476,284	6,329	22,270
投信	0	0	0	0	0	0	93	1,266	0	0	93	1,266
外資	79,423	930,498	77,216	887,655	2,207	42,843	23,545	397,855	17,202	269,256	6,343	128,599

## 大額交易人 / TX
日期,商品(契約),商品名稱(契約名稱),到期月份(週別),交易人類別,前五大交易人買方,前五大交易人賣方,前十大交易人買方,前十大交易人賣方,全市場未沖銷部位數
2026/05/28,TX     ,臺股期貨(TX+MTX/4+TMF/20)           ,666666  ,0,25,31,28,32,32
2026/05/28,TX     ,臺股期貨(TX+MTX/4+TMF/20)           ,666666  ,1,1,2,1,2,32
2026/05/28,TX     ,臺股期貨(TX+MTX/4+TMF/20)           ,202606  ,0,52587,53705,64414,69248,100920
2026/05/28,TX     ,臺股期貨(TX+MTX/4+TMF/20)           ,202606  ,1,48635,53705,58205,65792,100920
2026/05/28,TX     ,臺股期貨(TX+MTX/4+TMF/20)           ,999999  ,0,52863,54184,65220,71151,106879
2026/05/28,TX     ,臺股期貨(TX+MTX/4+TMF/20)           ,999999  ,1,48645,54184,58246,67695,106879
