# 2026/10/01  chips-kline 取數依據（只保留實際使用的列）

## 三大法人-期貨 / 臺股期貨
1	臺股期貨	自營商	3,020	29,229,236	3,375	32,738,549	-355	-3,509,312	3,251	31,700,191	4,691	45,713,736	-1,440	-14,013,545
投信	798	7,770,846	22	213,049	776	7,557,797	77,476	754,585,250	2,861	27,864,996	74,615	726,720,254
外資	35,309	341,906,433	36,698	355,284,581	-1,389	-13,378,149	12,373	120,514,295	91,927	895,419,688	-79,554	-774,905,393

## 三大法人-選擇權 / 臺指選擇權
1	臺指選擇權	買權	自營商	42,089	420,506	43,013	297,356	-924	123,150	27,529	1,286,348	24,302	1,006,432	3,227	279,916
投信	0	0	2,439	183,099	-2,439	-183,099	0	0	7,770	571,746	-7,770	-571,746
外資	49,630	414,465	49,409	410,168	221	4,297	11,100	693,010	12,120	889,290	-1,020	-196,280
賣權	自營商	39,052	256,523	37,829	221,112	1,223	35,411	23,444	207,499	17,747	110,386	5,697	97,113
投信	0	0	0	0	0	0	105	187	0	0	105	187
外資	52,596	387,945	52,272	394,922	324	-6,977	7,124	73,079	6,130	53,244	994	19,835

## 大額交易人 / TX
日期,商品(契約),商品名稱(契約名稱),到期月份(週別),交易人類別,前五大交易人買方,前五大交易人賣方,前十大交易人買方,前十大交易人賣方,全市場未沖銷部位數
2026/10/01,TX     ,臺股期貨(TX+MTX/4+TMF/20)           ,666666  ,0,16,17,18,19,19
2026/10/01,TX     ,臺股期貨(TX+MTX/4+TMF/20)           ,666666  ,1,0,5,0,5,19
2026/10/01,TX     ,臺股期貨(TX+MTX/4+TMF/20)           ,202610  ,0,73818,55630,80995,76012,115629
2026/10/01,TX     ,臺股期貨(TX+MTX/4+TMF/20)           ,202610  ,1,73818,55630,80995,76012,115629
2026/10/01,TX     ,臺股期貨(TX+MTX/4+TMF/20)           ,999999  ,0,73819,56700,81195,77850,119549
2026/10/01,TX     ,臺股期貨(TX+MTX/4+TMF/20)           ,999999  ,1,73819,56700,80270,77850,119549
