# 2026/05/20  chips-kline 取數依據（只保留實際使用的列）

## 三大法人-期貨 / 臺股期貨
1	臺股期貨	自營商	14,693	118,019,292	14,120	113,482,405	573	4,536,887	6,772	54,396,892	4,324	34,767,181	2,448	19,629,711
投信	1,575	12,639,800	1,234	9,923,049	341	2,716,751	44,928	360,538,214	5,945	47,707,436	38,983	312,830,778
外資	78,660	632,068,411	79,463	638,454,277	-803	-6,385,866	18,699	150,056,076	61,443	493,103,122	-42,744	-343,047,046

## 三大法人-選擇權 / 臺指選擇權
1	臺指選擇權	買權	自營商	112,361	609,962	130,861	561,071	-18,500	48,891	14,625	1,019,525	15,304	1,410,966	-679	-391,441
投信	7	468	0	0	7	468	7	396	17	1,341	-10	-945
外資	176,988	935,398	179,738	1,006,636	-2,750	-71,238	6,768	1,224,012	5,296	672,953	1,472	551,059
賣權	自營商	117,786	785,014	128,587	708,577	-10,801	76,437	16,121	357,698	15,651	406,693	470	-48,995
投信	13	800	0	0	13	800	13	822	0	0	13	822
外資	181,462	1,198,407	180,831	1,207,018	631	-8,612	15,284	407,759	11,452	293,899	3,832	113,860

## 大額交易人 / TX
日期,商品(契約),商品名稱(契約名稱),到期月份(週別),交易人類別,前五大交易人買方,前五大交易人賣方,前十大交易人買方,前十大交易人賣方,全市場未沖銷部位數
2026/05/20,TX     ,臺股期貨(TX+MTX/4+TMF/20)           ,666666  ,0,3,5,4,5,5
2026/05/20,TX     ,臺股期貨(TX+MTX/4+TMF/20)           ,666666  ,1,2,0,2,0,5
2026/05/20,TX     ,臺股期貨(TX+MTX/4+TMF/20)           ,202606  ,0,50235,44994,59539,57504,86722
2026/05/20,TX     ,臺股期貨(TX+MTX/4+TMF/20)           ,202606  ,1,47379,44994,56683,57504,86722
2026/05/20,TX     ,臺股期貨(TX+MTX/4+TMF/20)           ,999999  ,0,50408,45004,59724,58359,90608
2026/05/20,TX     ,臺股期貨(TX+MTX/4+TMF/20)           ,999999  ,1,47379,45004,56695,58359,90608
