# 2026/07/31  chips-kline 取數依據（只保留實際使用的列）

## 三大法人-期貨 / 臺股期貨
1	臺股期貨	自營商	7,583	65,268,505	11,958	103,260,466	-4,375	-37,991,961	4,767	41,802,482	7,144	62,534,469	-2,377	-20,731,987
投信	9,649	84,376,678	181	1,576,061	9,468	82,800,618	88,383	772,944,688	3,058	26,743,433	85,325	746,201,255
外資	79,661	678,072,898	83,953	715,789,471	-4,292	-37,716,573	12,704	111,170,593	95,219	832,927,612	-82,515	-721,757,019

## 三大法人-選擇權 / 臺指選擇權
1	臺指選擇權	買權	自營商	80,993	1,139,594	77,634	850,001	3,359	289,593	21,839	1,222,036	16,435	876,496	5,404	345,540
投信	2	32	1,352	158,107	-1,350	-158,075	9	595	2,623	307,854	-2,614	-307,259
外資	108,652	861,565	107,243	828,654	1,409	32,911	7,184	451,637	5,901	512,083	1,283	-60,446
賣權	自營商	74,271	574,948	80,108	571,782	-5,837	3,166	20,904	770,258	15,212	587,635	5,692	182,623
投信	15	26	0	0	15	26	5	280	0	0	5	280
外資	107,562	629,270	112,743	687,652	-5,181	-58,382	15,794	477,853	12,371	450,040	3,423	27,813

## 大額交易人 / TX
日期,商品(契約),商品名稱(契約名稱),到期月份(週別),交易人類別,前五大交易人買方,前五大交易人賣方,前十大交易人買方,前十大交易人賣方,全市場未沖銷部位數
2026/07/31,TX     ,臺股期貨(TX+MTX/4+TMF/20)           ,666666  ,0,19,17,21,20,21
2026/07/31,TX     ,臺股期貨(TX+MTX/4+TMF/20)           ,666666  ,1,0,0,1,0,21
2026/07/31,TX     ,臺股期貨(TX+MTX/4+TMF/20)           ,202608  ,0,79949,55950,90708,78533,119144
2026/07/31,TX     ,臺股期貨(TX+MTX/4+TMF/20)           ,202608  ,1,79949,55950,90708,78533,119144
2026/07/31,TX     ,臺股期貨(TX+MTX/4+TMF/20)           ,999999  ,0,79949,59359,91182,83779,128198
2026/07/31,TX     ,臺股期貨(TX+MTX/4+TMF/20)           ,999999  ,1,79949,59359,89177,83779,128198
