# 2026/07/23  chips-kline 取數依據（只保留實際使用的列）

## 三大法人-期貨 / 臺股期貨
1	臺股期貨	自營商	3,092	27,719,537	3,497	31,354,626	-405	-3,635,089	4,944	44,527,475	4,205	37,850,415	739	6,677,060
投信	59	529,773	190	1,706,614	-131	-1,176,841	81,714	733,987,834	6,222	55,888,493	75,492	678,099,341
外資	51,077	457,679,165	49,680	445,186,121	1,397	12,493,045	8,155	73,256,259	83,353	748,837,997	-75,198	-675,581,738

## 三大法人-選擇權 / 臺指選擇權
1	臺指選擇權	買權	自營商	42,172	352,829	41,105	315,437	1,067	37,392	23,099	941,200	17,870	873,551	5,229	67,649
投信	0	0	630	41,515	-630	-41,515	11	1,020	2,124	165,202	-2,113	-164,182
外資	33,946	354,327	33,407	338,080	539	16,247	6,365	366,191	5,409	429,509	956	-63,318
賣權	自營商	43,502	379,130	42,887	401,657	615	-22,527	23,572	521,865	18,888	449,875	4,684	71,990
投信	0	0	0	0	0	0	9	486	0	0	9	486
外資	35,236	400,750	33,912	392,334	1,324	8,415	15,564	393,074	11,505	301,424	4,059	91,650

## 大額交易人 / TX
日期,商品(契約),商品名稱(契約名稱),到期月份(週別),交易人類別,前五大交易人買方,前五大交易人賣方,前十大交易人買方,前十大交易人賣方,全市場未沖銷部位數
2026/07/23,TX     ,臺股期貨(TX+MTX/4+TMF/20)           ,666666  ,0,11,12,12,13,13
2026/07/23,TX     ,臺股期貨(TX+MTX/4+TMF/20)           ,666666  ,1,0,0,0,0,13
2026/07/23,TX     ,臺股期貨(TX+MTX/4+TMF/20)           ,202608  ,0,76614,54067,83883,73105,110941
2026/07/23,TX     ,臺股期貨(TX+MTX/4+TMF/20)           ,202608  ,1,76614,54067,82812,73105,110941
2026/07/23,TX     ,臺股期貨(TX+MTX/4+TMF/20)           ,999999  ,0,76614,55568,85646,75087,117044
2026/07/23,TX     ,臺股期貨(TX+MTX/4+TMF/20)           ,999999  ,1,76614,55568,82026,75087,117044
