# 2026/06/26  chips-kline 取數依據（只保留實際使用的列）

## 三大法人-期貨 / 臺股期貨
1	臺股期貨	自營商	15,027	136,283,545	13,550	122,387,925	1,477	13,895,621	8,088	72,050,266	3,447	30,770,388	4,641	41,279,878
投信	901	8,027,170	575	5,127,899	326	2,899,272	67,223	597,639,359	5,976	53,150,730	61,247	544,488,629
外資	119,155	1,084,550,645	114,455	1,042,721,443	4,700	41,829,202	7,493	66,628,987	83,884	745,913,523	-76,391	-679,284,536

## 三大法人-選擇權 / 臺指選擇權
1	臺指選擇權	買權	自營商	103,945	668,978	123,017	681,358	-19,072	-12,381	13,857	858,093	15,854	989,570	-1,997	-131,477
投信	530	13,747	1,100	60,572	-570	-46,825	5	255	1,713	71,704	-1,708	-71,449
外資	105,873	573,069	108,893	600,655	-3,020	-27,586	4,655	321,097	5,677	509,983	-1,022	-188,886
賣權	自營商	98,695	1,120,646	106,624	1,135,776	-7,929	-15,130	21,078	1,090,858	18,882	1,080,767	2,196	10,091
投信	100	123	0	0	100	123	87	2,624	0	0	87	2,624
外資	113,392	1,077,773	112,087	1,028,524	1,305	49,249	16,003	760,926	11,491	608,267	4,512	152,659

## 大額交易人 / TX
日期,商品(契約),商品名稱(契約名稱),到期月份(週別),交易人類別,前五大交易人買方,前五大交易人賣方,前十大交易人買方,前十大交易人賣方,全市場未沖銷部位數
2026/06/26,TX     ,臺股期貨(TX+MTX/4+TMF/20)           ,666666  ,0,19,23,21,23,23
2026/06/26,TX     ,臺股期貨(TX+MTX/4+TMF/20)           ,666666  ,1,0,0,0,0,23
2026/06/26,TX     ,臺股期貨(TX+MTX/4+TMF/20)           ,202607  ,0,62330,57053,73280,77946,108735
2026/06/26,TX     ,臺股期貨(TX+MTX/4+TMF/20)           ,202607  ,1,59374,57053,67581,77946,108735
2026/06/26,TX     ,臺股期貨(TX+MTX/4+TMF/20)           ,999999  ,0,62970,58330,74260,79629,114761
2026/06/26,TX     ,臺股期貨(TX+MTX/4+TMF/20)           ,999999  ,1,59374,58330,67662,79629,114761
