# 2026/09/15  chips-kline 取數依據（只保留實際使用的列）

## 三大法人-期貨 / 臺股期貨
1	臺股期貨	自營商	7,163	65,509,424	7,528	68,872,157	-365	-3,362,733	4,944	45,180,980	3,365	30,775,459	1,579	14,405,521
投信	29,367	269,174,271	31,398	287,206,720	-2,031	-18,032,448	75,600	691,371,774	3,183	29,109,700	72,417	662,262,074
外資	83,679	765,419,284	84,272	771,281,089	-593	-5,861,805	10,863	99,222,124	94,086	860,106,335	-83,223	-760,884,211

## 三大法人-選擇權 / 臺指選擇權
1	臺指選擇權	買權	自營商	44,062	308,860	45,117	285,044	-1,055	23,816	36,357	890,303	26,026	729,622	10,331	160,681
投信	350	150	890	36,941	-540	-36,790	2	65	6,411	208,320	-6,409	-208,255
外資	43,768	368,941	43,077	377,015	691	-8,073	11,755	280,592	11,935	385,329	-180	-104,737
賣權	自營商	42,240	399,080	45,776	396,081	-3,536	2,999	23,487	422,092	31,130	406,091	-7,643	16,001
投信	0	0	0	0	0	0	106	3	0	0	106	3
外資	63,183	599,206	62,342	603,792	841	-4,587	9,720	230,932	6,915	98,072	2,805	132,860

## 大額交易人 / TX
日期,商品(契約),商品名稱(契約名稱),到期月份(週別),交易人類別,前五大交易人買方,前五大交易人賣方,前十大交易人買方,前十大交易人賣方,全市場未沖銷部位數
2026/09/15,TX     ,臺股期貨(TX+MTX/4+TMF/20)           ,666666  ,0,1,1,1,1,1
2026/09/15,TX     ,臺股期貨(TX+MTX/4+TMF/20)           ,666666  ,1,0,0,0,0,1
2026/09/15,TX     ,臺股期貨(TX+MTX/4+TMF/20)           ,202609  ,0,8222,10624,11568,14620,25193
2026/09/15,TX     ,臺股期貨(TX+MTX/4+TMF/20)           ,202609  ,1,3974,10624,5954,13854,25193
2026/09/15,TX     ,臺股期貨(TX+MTX/4+TMF/20)           ,999999  ,0,71266,54076,81092,77586,119787
2026/09/15,TX     ,臺股期貨(TX+MTX/4+TMF/20)           ,999999  ,1,71266,54076,76801,77586,119787
