# 2026/09/09  chips-kline 取數依據（只保留實際使用的列）

## 三大法人-期貨 / 臺股期貨
1	臺股期貨	自營商	4,523	42,698,922	4,707	44,518,005	-184	-1,819,083	3,336	31,552,812	3,712	35,062,450	-376	-3,509,638
投信	2,582	24,514,086	2,361	22,341,615	221	2,172,471	77,969	735,833,327	3,150	29,722,140	74,819	706,111,187
外資	47,975	452,852,361	46,811	441,798,577	1,164	11,053,784	10,526	99,381,297	91,592	864,555,175	-81,066	-765,173,878

## 三大法人-選擇權 / 臺指選擇權
1	臺指選擇權	買權	自營商	74,205	541,057	73,536	369,038	669	172,018	26,255	1,395,631	16,216	967,707	10,039	427,924
投信	0	0	2,980	154,943	-2,980	-154,943	2	226	4,717	312,361	-4,715	-312,135
外資	110,837	582,833	115,841	572,083	-5,004	10,750	8,054	399,980	10,258	771,088	-2,204	-371,108
賣權	自營商	79,520	410,096	89,065	418,279	-9,545	-8,183	19,117	234,551	18,921	184,539	196	50,012
投信	0	0	0	0	0	0	106	46	0	0	106	46
外資	131,333	622,108	130,313	616,995	1,020	5,113	6,176	121,925	5,511	46,178	665	75,747

## 大額交易人 / TX
日期,商品(契約),商品名稱(契約名稱),到期月份(週別),交易人類別,前五大交易人買方,前五大交易人賣方,前十大交易人買方,前十大交易人賣方,全市場未沖銷部位數
2026/09/09,TX     ,臺股期貨(TX+MTX/4+TMF/20)           ,666666  ,0,0,0,0,0,0
2026/09/09,TX     ,臺股期貨(TX+MTX/4+TMF/20)           ,666666  ,1,0,0,0,0,0
2026/09/09,TX     ,臺股期貨(TX+MTX/4+TMF/20)           ,202609  ,0,69616,50514,76485,69044,106678
2026/09/09,TX     ,臺股期貨(TX+MTX/4+TMF/20)           ,202609  ,1,69616,50514,75068,69044,106678
2026/09/09,TX     ,臺股期貨(TX+MTX/4+TMF/20)           ,999999  ,0,73507,53956,80376,75950,117471
2026/09/09,TX     ,臺股期貨(TX+MTX/4+TMF/20)           ,999999  ,1,73507,53956,78959,75950,117471
