# 2026/07/21  chips-kline 取數依據（只保留實際使用的列）

## 三大法人-期貨 / 臺股期貨
1	臺股期貨	自營商	3,287	28,840,147	5,051	44,279,922	-1,764	-15,439,775	5,607	49,887,061	4,404	39,169,192	1,203	10,717,869
投信	3,184	28,211,991	60	525,530	3,124	27,686,461	81,608	724,271,000	6,038	53,587,250	75,570	670,683,750
外資	60,799	530,469,350	60,997	532,389,732	-198	-1,920,382	9,379	83,243,942	87,869	779,974,121	-78,490	-696,730,179

## 三大法人-選擇權 / 臺指選擇權
1	臺指選擇權	買權	自營商	40,868	606,175	37,525	433,090	3,343	173,085	29,607	946,303	22,472	908,822	7,135	37,481
投信	0	0	158	8,846	-158	-8,846	11	912	1,984	156,237	-1,973	-155,325
外資	45,885	540,849	44,364	497,723	1,521	43,125	6,890	386,947	5,975	430,488	915	-43,541
賣權	自營商	45,033	409,156	49,926	490,883	-4,893	-81,727	25,137	584,067	20,187	468,341	4,950	115,726
投信	0	0	0	0	0	0	129	762	0	0	129	762
外資	61,974	594,648	58,512	598,334	3,462	-3,686	19,347	459,635	12,577	352,487	6,770	107,148

## 大額交易人 / TX
日期,商品(契約),商品名稱(契約名稱),到期月份(週別),交易人類別,前五大交易人買方,前五大交易人賣方,前十大交易人買方,前十大交易人賣方,全市場未沖銷部位數
2026/07/21,TX     ,臺股期貨(TX+MTX/4+TMF/20)           ,666666  ,0,34,37,38,40,41
2026/07/21,TX     ,臺股期貨(TX+MTX/4+TMF/20)           ,666666  ,1,0,15,0,15,41
2026/07/21,TX     ,臺股期貨(TX+MTX/4+TMF/20)           ,202608  ,0,76304,56021,85426,76937,115376
2026/07/21,TX     ,臺股期貨(TX+MTX/4+TMF/20)           ,202608  ,1,76304,56021,83808,76937,115376
2026/07/21,TX     ,臺股期貨(TX+MTX/4+TMF/20)           ,999999  ,0,76304,57267,87104,78673,121316
2026/07/21,TX     ,臺股期貨(TX+MTX/4+TMF/20)           ,999999  ,1,76304,57267,82945,78673,121316
