# 2026/06/30  chips-kline 取數依據（只保留實際使用的列）

## 三大法人-期貨 / 臺股期貨
1	臺股期貨	自營商	6,002	55,581,898	6,839	63,452,768	-837	-7,870,870	6,022	56,480,522	4,451	41,756,896	1,571	14,723,626
投信	3,734	34,892,047	73	680,793	3,661	34,211,255	72,749	680,625,094	6,126	57,340,847	66,623	623,284,247
外資	67,659	624,664,692	74,113	684,651,624	-6,454	-59,986,932	5,391	50,450,286	88,454	827,697,657	-83,063	-777,247,371

## 三大法人-選擇權 / 臺指選擇權
1	臺指選擇權	買權	自營商	35,640	508,350	36,005	522,896	-365	-14,545	23,098	1,383,250	20,544	1,554,267	2,554	-171,017
投信	0	0	0	0	0	0	6	540	1,763	158,214	-1,757	-157,674
外資	43,017	588,682	41,620	584,186	1,397	4,496	9,634	598,215	8,228	877,430	1,406	-279,215
賣權	自營商	48,351	506,454	48,244	446,823	107	59,631	32,587	537,921	26,868	472,006	5,719	65,915
投信	0	0	0	0	0	0	117	719	0	0	117	719
外資	62,905	573,970	61,366	578,395	1,539	-4,425	20,692	381,296	14,933	311,820	5,759	69,476

## 大額交易人 / TX
日期,商品(契約),商品名稱(契約名稱),到期月份(週別),交易人類別,前五大交易人買方,前五大交易人賣方,前十大交易人買方,前十大交易人賣方,全市場未沖銷部位數
2026/06/30,TX     ,臺股期貨(TX+MTX/4+TMF/20)           ,666666  ,0,16,19,20,21,22
2026/06/30,TX     ,臺股期貨(TX+MTX/4+TMF/20)           ,666666  ,1,0,0,0,0,22
2026/06/30,TX     ,臺股期貨(TX+MTX/4+TMF/20)           ,202607  ,0,68561,59479,77479,81071,111735
2026/06/30,TX     ,臺股期貨(TX+MTX/4+TMF/20)           ,202607  ,1,63132,59479,70311,81071,111735
2026/06/30,TX     ,臺股期貨(TX+MTX/4+TMF/20)           ,999999  ,0,68607,60602,78397,82788,117672
2026/06/30,TX     ,臺股期貨(TX+MTX/4+TMF/20)           ,999999  ,1,63132,60602,70311,82788,117672
