# 2026/07/06  chips-kline 取數依據（只保留實際使用的列）

## 三大法人-期貨 / 臺股期貨
1	臺股期貨	自營商	4,071	38,334,094	4,491	42,319,405	-420	-3,985,311	7,201	67,685,444	4,531	42,610,411	2,670	25,075,033
投信	1,149	10,841,142	1,108	10,411,332	41	429,810	73,263	686,887,640	6,009	56,386,795	67,254	630,500,845
外資	48,892	460,442,236	48,000	452,132,325	892	8,309,911	6,297	59,069,965	86,384	810,086,464	-80,087	-751,016,499

## 三大法人-選擇權 / 臺指選擇權
1	臺指選擇權	買權	自營商	34,515	433,115	29,328	338,581	5,187	94,534	23,230	1,209,780	19,533	1,383,401	3,697	-173,621
投信	5	224	100	4,367	-95	-4,144	6	459	1,641	96,564	-1,635	-96,105
外資	31,798	447,087	30,963	447,894	835	-807	7,629	444,343	7,435	779,079	194	-334,736
賣權	自營商	33,184	306,735	28,771	309,656	4,413	-2,921	31,386	462,356	24,259	435,485	7,127	26,871
投信	0	0	0	0	0	0	87	299	0	0	87	299
外資	27,296	390,405	25,699	368,334	1,597	22,071	20,030	312,363	12,310	211,260	7,720	101,103

## 大額交易人 / TX
日期,商品(契約),商品名稱(契約名稱),到期月份(週別),交易人類別,前五大交易人買方,前五大交易人賣方,前十大交易人買方,前十大交易人賣方,全市場未沖銷部位數
2026/07/06,TX     ,臺股期貨(TX+MTX/4+TMF/20)           ,666666  ,0,17,18,19,20,20
2026/07/06,TX     ,臺股期貨(TX+MTX/4+TMF/20)           ,666666  ,1,0,0,0,0,20
2026/07/06,TX     ,臺股期貨(TX+MTX/4+TMF/20)           ,202607  ,0,65609,57028,73751,76525,107938
2026/07/06,TX     ,臺股期貨(TX+MTX/4+TMF/20)           ,202607  ,1,62980,57028,71123,76525,107938
2026/07/06,TX     ,臺股期貨(TX+MTX/4+TMF/20)           ,999999  ,0,67068,59071,75661,80073,116504
2026/07/06,TX     ,臺股期貨(TX+MTX/4+TMF/20)           ,999999  ,1,63448,59071,72041,80073,116504
