# 2026/09/04  chips-kline 取數依據（只保留實際使用的列）

## 三大法人-期貨 / 臺股期貨
1	臺股期貨	自營商	2,970	27,512,773	4,826	44,807,843	-1,856	-17,295,069	3,338	31,240,230	4,035	37,724,951	-697	-6,484,721
投信	1,823	17,036,279	38	355,155	1,785	16,681,124	79,274	740,561,853	3,100	28,959,580	76,174	711,602,273
外資	49,464	457,657,393	50,344	465,798,096	-880	-8,140,703	8,153	76,177,738	90,542	845,938,656	-82,389	-769,760,918

## 三大法人-選擇權 / 臺指選擇權
1	臺指選擇權	買權	自營商	73,846	548,298	80,632	393,540	-6,786	154,758	22,167	1,252,139	15,515	895,665	6,652	356,474
投信	0	0	2,230	146,255	-2,230	-146,255	4	384	4,121	286,305	-4,117	-285,921
外資	110,802	582,326	110,689	565,593	113	16,733	5,223	300,289	8,621	624,229	-3,398	-323,940
賣權	自營商	75,520	392,463	85,842	361,127	-10,322	31,336	17,515	230,065	18,039	149,237	-524	80,828
投信	60	26	0	0	60	26	106	110	0	0	106	110
外資	115,343	565,667	121,786	583,608	-6,443	-17,941	5,165	84,355	5,725	55,739	-560	28,616

## 大額交易人 / TX
日期,商品(契約),商品名稱(契約名稱),到期月份(週別),交易人類別,前五大交易人買方,前五大交易人賣方,前十大交易人買方,前十大交易人賣方,全市場未沖銷部位數
2026/09/04,TX     ,臺股期貨(TX+MTX/4+TMF/20)           ,666666  ,0,20,23,22,23,23
2026/09/04,TX     ,臺股期貨(TX+MTX/4+TMF/20)           ,666666  ,1,0,0,0,0,23
2026/09/04,TX     ,臺股期貨(TX+MTX/4+TMF/20)           ,202609  ,0,74439,49991,81816,70711,112519
2026/09/04,TX     ,臺股期貨(TX+MTX/4+TMF/20)           ,202609  ,1,74439,49991,80649,70711,112519
2026/09/04,TX     ,臺股期貨(TX+MTX/4+TMF/20)           ,999999  ,0,74544,51027,82238,72953,117552
2026/09/04,TX     ,臺股期貨(TX+MTX/4+TMF/20)           ,999999  ,1,74544,51027,79738,72953,117552
