# 2026/06/25  chips-kline 取數依據（只保留實際使用的列）

## 三大法人-期貨 / 臺股期貨
1	臺股期貨	自營商	6,748	62,443,728	7,071	65,574,385	-323	-3,130,657	7,349	68,537,548	4,346	40,569,944	3,003	27,967,604
投信	1,022	9,512,209	858	7,986,941	164	1,525,268	66,672	620,409,629	5,751	53,540,455	60,921	566,869,174
外資	91,800	846,589,931	89,291	824,028,244	2,509	22,561,688	6,034	56,161,256	87,085	810,506,206	-81,051	-754,344,950

## 三大法人-選擇權 / 臺指選擇權
1	臺指選擇權	買權	自營商	45,102	460,677	37,466	462,645	7,636	-1,969	26,998	1,155,054	20,135	1,456,582	6,863	-301,528
投信	0	0	50	1,887	-50	-1,887	5	485	1,593	101,780	-1,588	-101,295
外資	36,167	444,204	36,376	449,900	-209	-5,696	6,210	504,921	7,184	770,411	-974	-265,490
賣權	自營商	48,145	569,771	48,292	567,026	-147	2,745	31,299	645,033	25,596	615,314	5,703	29,719
投信	0	0	0	0	0	0	87	1,229	0	0	87	1,229
外資	30,814	414,123	30,879	436,191	-65	-22,068	16,695	436,380	12,779	364,524	3,916	71,856

## 大額交易人 / TX
日期,商品(契約),商品名稱(契約名稱),到期月份(週別),交易人類別,前五大交易人買方,前五大交易人賣方,前十大交易人買方,前十大交易人賣方,全市場未沖銷部位數
2026/06/25,TX     ,臺股期貨(TX+MTX/4+TMF/20)           ,666666  ,0,15,17,17,17,17
2026/06/25,TX     ,臺股期貨(TX+MTX/4+TMF/20)           ,666666  ,1,0,0,0,0,17
2026/06/25,TX     ,臺股期貨(TX+MTX/4+TMF/20)           ,202607  ,0,61765,60308,71520,81940,108019
2026/06/25,TX     ,臺股期貨(TX+MTX/4+TMF/20)           ,202607  ,1,58876,60308,64309,81940,108019
2026/06/25,TX     ,臺股期貨(TX+MTX/4+TMF/20)           ,999999  ,0,62496,61182,72297,83187,113450
2026/06/25,TX     ,臺股期貨(TX+MTX/4+TMF/20)           ,999999  ,1,58876,61182,64309,83187,113450
