# 2026/09/16  chips-kline 取數依據（只保留實際使用的列）

## 三大法人-期貨 / 臺股期貨
1	臺股期貨	自營商	6,716	61,558,827	7,506	68,841,242	-790	-7,282,416	2,842	26,204,577	3,017	27,807,359	-175	-1,602,782
投信	1,560	14,345,658	931	8,525,084	629	5,820,573	76,175	701,724,100	3,129	28,824,348	73,046	672,899,752
外資	53,295	488,253,490	50,697	464,530,793	2,598	23,722,697	7,805	71,902,338	84,156	775,297,770	-76,351	-703,395,432

## 三大法人-選擇權 / 臺指選擇權
1	臺指選擇權	買權	自營商	88,489	661,700	91,531	457,695	-3,042	204,005	17,896	597,703	10,987	269,653	6,909	328,050
投信	5	346	3,710	228,175	-3,705	-227,829	5	333	5,471	315,492	-5,466	-315,159
外資	102,544	507,173	107,128	520,185	-4,584	-13,013	4,408	154,373	6,569	276,603	-2,161	-122,230
賣權	自營商	88,061	428,818	99,411	437,650	-11,350	-8,832	12,470	213,852	13,616	244,719	-1,146	-30,867
投信	5	262	0	0	5	262	5	221	0	0	5	221
外資	112,474	508,094	115,367	536,356	-2,893	-28,262	3,213	148,695	1,871	57,759	1,342	90,936

## 大額交易人 / TX
日期,商品(契約),商品名稱(契約名稱),到期月份(週別),交易人類別,前五大交易人買方,前五大交易人賣方,前十大交易人買方,前十大交易人賣方,全市場未沖銷部位數
2026/09/16,TX     ,臺股期貨(TX+MTX/4+TMF/20)           ,666666  ,0,11,12,12,12,12
2026/09/16,TX     ,臺股期貨(TX+MTX/4+TMF/20)           ,666666  ,1,0,0,0,0,12
2026/09/16,TX     ,臺股期貨(TX+MTX/4+TMF/20)           ,202610  ,0,71502,49612,77597,70668,100697
2026/09/16,TX     ,臺股期貨(TX+MTX/4+TMF/20)           ,202610  ,1,71502,49612,77597,70668,100697
2026/09/16,TX     ,臺股期貨(TX+MTX/4+TMF/20)           ,999999  ,0,71502,50610,77613,71690,102997
2026/09/16,TX     ,臺股期貨(TX+MTX/4+TMF/20)           ,999999  ,1,71502,50610,77613,71690,102997
