# 2026/10/05  chips-kline 取數依據（只保留實際使用的列）

## 三大法人-期貨 / 臺股期貨
1	臺股期貨	自營商	4,841	48,240,660	5,844	58,141,373	-1,003	-9,900,714	2,810	28,097,452	4,965	49,623,454	-2,155	-21,526,002
投信	579	5,779,717	104	1,038,217	475	4,741,499	77,893	778,057,598	2,749	27,459,211	75,144	750,598,387
外資	43,262	428,883,917	39,967	396,400,014	3,295	32,483,903	14,760	147,449,399	91,764	916,699,924	-77,004	-769,250,525

## 三大法人-選擇權 / 臺指選擇權
1	臺指選擇權	買權	自營商	46,390	685,096	42,294	513,495	4,096	171,601	29,248	1,936,557	20,486	1,362,861	8,762	573,696
投信	0	0	2,150	158,329	-2,150	-158,329	0	0	7,770	911,469	-7,770	-911,469
外資	52,075	585,323	50,899	545,109	1,176	40,214	12,587	1,045,836	12,524	1,271,276	63	-225,440
賣權	自營商	44,917	331,284	48,939	340,325	-4,022	-9,041	19,920	164,872	19,339	113,164	581	51,708
投信	0	0	0	0	0	0	105	147	0	0	105	147
外資	48,804	410,226	48,948	419,047	-144	-8,821	6,563	63,464	6,126	37,969	437	25,495

## 大額交易人 / TX
日期,商品(契約),商品名稱(契約名稱),到期月份(週別),交易人類別,前五大交易人買方,前五大交易人賣方,前十大交易人買方,前十大交易人賣方,全市場未沖銷部位數
2026/10/05,TX     ,臺股期貨(TX+MTX/4+TMF/20)           ,666666  ,0,43,50,49,51,51
2026/10/05,TX     ,臺股期貨(TX+MTX/4+TMF/20)           ,666666  ,1,6,39,6,39,51
2026/10/05,TX     ,臺股期貨(TX+MTX/4+TMF/20)           ,202610  ,0,74911,55255,82796,76120,117386
2026/10/05,TX     ,臺股期貨(TX+MTX/4+TMF/20)           ,202610  ,1,74911,55255,82796,76120,117386
2026/10/05,TX     ,臺股期貨(TX+MTX/4+TMF/20)           ,999999  ,0,74912,56566,83063,77819,121589
2026/10/05,TX     ,臺股期貨(TX+MTX/4+TMF/20)           ,999999  ,1,74912,56566,81705,77819,121589
