# 2026/09/14  chips-kline 取數依據（只保留實際使用的列）

## 三大法人-期貨 / 臺股期貨
1	臺股期貨	自營商	9,841	90,148,860	10,690	98,168,219	-849	-8,019,358	5,427	49,776,154	3,467	31,810,651	1,960	17,965,503
投信	37,807	347,793,446	38,046	348,987,967	-239	-1,194,521	77,583	711,529,580	3,135	28,705,228	74,448	682,824,352
外資	93,734	860,300,184	91,421	839,749,079	2,313	20,551,104	9,490	86,991,971	92,148	845,057,277	-82,658	-758,065,306

## 三大法人-選擇權 / 臺指選擇權
1	臺指選擇權	買權	自營商	41,512	401,279	40,245	368,824	1,267	32,455	33,342	953,929	21,956	758,939	11,386	194,990
投信	0	0	820	51,699	-820	-51,699	2	91	5,871	226,850	-5,869	-226,759
外資	37,677	460,092	36,398	415,452	1,279	44,639	10,276	301,132	11,147	427,100	-871	-125,968
賣權	自營商	43,868	461,764	46,921	492,396	-3,053	-30,632	21,792	403,001	25,899	373,410	-4,107	29,591
投信	0	0	0	0	0	0	106	16	0	0	106	16
外資	45,723	568,106	45,940	571,084	-217	-2,978	8,263	221,106	6,299	88,426	1,964	132,680

## 大額交易人 / TX
日期,商品(契約),商品名稱(契約名稱),到期月份(週別),交易人類別,前五大交易人買方,前五大交易人賣方,前十大交易人買方,前十大交易人賣方,全市場未沖銷部位數
2026/09/14,TX     ,臺股期貨(TX+MTX/4+TMF/20)           ,666666  ,0,1,1,1,1,1
2026/09/14,TX     ,臺股期貨(TX+MTX/4+TMF/20)           ,666666  ,1,0,0,0,0,1
2026/09/14,TX     ,臺股期貨(TX+MTX/4+TMF/20)           ,202609  ,0,27886,22436,33852,33303,54559
2026/09/14,TX     ,臺股期貨(TX+MTX/4+TMF/20)           ,202609  ,1,27886,22436,31513,33303,54559
2026/09/14,TX     ,臺股期貨(TX+MTX/4+TMF/20)           ,999999  ,0,72130,52111,79913,75356,118221
2026/09/14,TX     ,臺股期貨(TX+MTX/4+TMF/20)           ,999999  ,1,72130,52111,77061,75356,118221
