# 2026/07/08  chips-kline 取數依據（只保留實際使用的列）

## 三大法人-期貨 / 臺股期貨
1	臺股期貨	自營商	7,150	65,151,892	7,640	69,701,215	-490	-4,549,323	8,047	73,517,922	4,736	43,283,019	3,311	30,234,903
投信	4,698	43,015,043	2,898	26,436,941	1,800	16,578,102	76,013	692,985,100	6,026	54,974,391	69,987	638,010,709
外資	80,320	731,920,919	81,515	743,087,474	-1,195	-11,166,555	5,632	51,399,559	86,900	792,463,089	-81,268	-741,063,530

## 三大法人-選擇權 / 臺指選擇權
1	臺指選擇權	買權	自營商	86,568	577,696	104,383	496,594	-17,815	81,102	19,819	970,160	17,176	967,929	2,643	2,231
投信	370	14,895	970	65,588	-600	-50,693	6	201	1,691	77,770	-1,685	-77,569
外資	128,564	677,386	129,627	701,735	-1,063	-24,349	6,905	300,297	6,306	559,076	599	-258,779
賣權	自營商	86,042	670,878	87,506	674,353	-1,464	-3,474	27,170	608,724	21,870	646,295	5,300	-37,571
投信	80	278	0	0	80	278	87	432	0	0	87	432
外資	125,487	867,341	127,454	875,864	-1,967	-8,523	18,725	461,115	11,889	328,681	6,836	132,434

## 大額交易人 / TX
日期,商品(契約),商品名稱(契約名稱),到期月份(週別),交易人類別,前五大交易人買方,前五大交易人賣方,前十大交易人買方,前十大交易人賣方,全市場未沖銷部位數
2026/07/08,TX     ,臺股期貨(TX+MTX/4+TMF/20)           ,666666  ,0,0,0,0,0,0
2026/07/08,TX     ,臺股期貨(TX+MTX/4+TMF/20)           ,666666  ,1,0,0,0,0,0
2026/07/08,TX     ,臺股期貨(TX+MTX/4+TMF/20)           ,202607  ,0,64324,54747,71825,72256,103983
2026/07/08,TX     ,臺股期貨(TX+MTX/4+TMF/20)           ,202607  ,1,61661,54747,69162,72256,103983
2026/07/08,TX     ,臺股期貨(TX+MTX/4+TMF/20)           ,999999  ,0,69247,59722,77766,80173,118876
2026/07/08,TX     ,臺股期貨(TX+MTX/4+TMF/20)           ,999999  ,1,65366,59722,73885,80173,118876
