# 2026/09/07  chips-kline 取數依據（只保留實際使用的列）

## 三大法人-期貨 / 臺股期貨
1	臺股期貨	自營商	4,688	44,404,749	6,034	57,072,739	-1,346	-12,667,991	2,735	26,018,645	4,780	45,411,710	-2,045	-19,393,065
投信	354	3,362,234	1,082	10,265,644	-728	-6,903,410	78,538	745,518,093	3,092	29,350,501	75,446	716,167,592
外資	44,188	416,997,746	42,844	404,347,540	1,344	12,650,207	10,793	102,479,560	90,192	856,270,658	-79,399	-753,791,098

## 三大法人-選擇權 / 臺指選擇權
1	臺指選擇權	買權	自營商	32,361	412,656	33,688	374,072	-1,327	38,584	26,098	1,645,834	20,773	1,102,914	5,325	542,920
投信	0	0	297	18,190	-297	-18,190	3	383	4,417	432,324	-4,414	-431,941
外資	38,544	439,349	37,465	429,909	1,079	9,441	8,039	439,502	10,358	851,789	-2,319	-412,287
賣權	自營商	42,877	318,911	45,790	359,649	-2,913	-40,738	21,176	205,119	24,613	146,208	-3,437	58,911
投信	0	0	0	0	0	0	106	52	0	0	106	52
外資	49,380	411,940	48,796	412,829	584	-889	7,401	82,142	7,377	49,209	24	32,933

## 大額交易人 / TX
日期,商品(契約),商品名稱(契約名稱),到期月份(週別),交易人類別,前五大交易人買方,前五大交易人賣方,前十大交易人買方,前十大交易人賣方,全市場未沖銷部位數
2026/09/07,TX     ,臺股期貨(TX+MTX/4+TMF/20)           ,666666  ,0,11,16,14,16,16
2026/09/07,TX     ,臺股期貨(TX+MTX/4+TMF/20)           ,666666  ,1,0,0,0,0,16
2026/09/07,TX     ,臺股期貨(TX+MTX/4+TMF/20)           ,202609  ,0,74820,50985,81906,70763,112344
2026/09/07,TX     ,臺股期貨(TX+MTX/4+TMF/20)           ,202609  ,1,74820,50985,80489,70763,112344
2026/09/07,TX     ,臺股期貨(TX+MTX/4+TMF/20)           ,999999  ,0,75013,52051,82099,73540,118036
2026/09/07,TX     ,臺股期貨(TX+MTX/4+TMF/20)           ,999999  ,1,75013,52051,80682,73540,118036
