# 2026/07/29  chips-kline 取數依據（只保留實際使用的列）

## 三大法人-期貨 / 臺股期貨
1	臺股期貨	自營商	12,186	98,976,083	11,803	95,988,311	383	2,987,772	7,399	59,800,062	4,847	39,158,704	2,552	20,641,358
投信	1,407	11,530,316	1,551	12,513,302	-144	-982,986	78,241	631,060,610	3,499	28,221,534	74,742	602,839,076
外資	112,272	918,607,328	112,797	922,657,025	-525	-4,049,697	11,982	96,678,008	94,767	764,543,287	-82,785	-667,865,279

## 三大法人-選擇權 / 臺指選擇權
1	臺指選擇權	買權	自營商	110,076	815,401	125,609	732,433	-15,533	82,968	23,077	629,022	19,626	477,400	3,451	151,622
投信	350	8,373	1,850	156,686	-1,500	-148,313	11	215	2,524	182,931	-2,513	-182,716
外資	122,479	733,394	125,318	793,970	-2,839	-60,576	5,197	140,395	4,958	183,271	239	-42,876
賣權	自營商	118,992	1,545,057	114,316	1,556,082	4,676	-11,026	23,138	1,630,835	11,556	1,033,398	11,582	597,437
投信	40	822	3	618	37	204	45	1,578	0	0	45	1,578
外資	134,121	1,201,199	135,611	1,203,168	-1,490	-1,969	14,856	1,052,442	11,198	970,634	3,658	81,808

## 大額交易人 / TX
日期,商品(契約),商品名稱(契約名稱),到期月份(週別),交易人類別,前五大交易人買方,前五大交易人賣方,前十大交易人買方,前十大交易人賣方,全市場未沖銷部位數
2026/07/29,TX     ,臺股期貨(TX+MTX/4+TMF/20)           ,666666  ,0,21,21,21,21,21
2026/07/29,TX     ,臺股期貨(TX+MTX/4+TMF/20)           ,666666  ,1,0,0,0,0,21
2026/07/29,TX     ,臺股期貨(TX+MTX/4+TMF/20)           ,202608  ,0,72381,56652,83225,79982,116651
2026/07/29,TX     ,臺股期貨(TX+MTX/4+TMF/20)           ,202608  ,1,72381,56652,79296,79982,116651
2026/07/29,TX     ,臺股期貨(TX+MTX/4+TMF/20)           ,999999  ,0,72381,59711,84346,84362,124519
2026/07/29,TX     ,臺股期貨(TX+MTX/4+TMF/20)           ,999999  ,1,72381,59711,79351,84362,124519
