# 2026/06/22  chips-kline 取數依據（只保留實際使用的列）

## 三大法人-期貨 / 臺股期貨
1	臺股期貨	自營商	5,996	57,515,373	6,623	63,421,173	-627	-5,905,800	3,687	35,808,791	4,250	41,267,548	-563	-5,458,757
投信	2,600	25,158,675	1	9,638	2,599	25,149,037	66,059	639,821,050	4,863	47,101,073	61,196	592,719,977
外資	53,439	509,398,974	55,445	528,756,792	-2,006	-19,357,818	11,004	106,585,296	81,294	787,462,391	-70,290	-680,877,095

## 三大法人-選擇權 / 臺指選擇權
1	臺指選擇權	買權	自營商	69,493	678,464	71,724	619,474	-2,231	58,990	14,812	1,436,759	11,271	1,731,813	3,541	-295,054
投信	0	0	202	12,481	-202	-12,481	5	825	1,413	160,155	-1,408	-159,330
外資	60,113	511,092	60,143	481,196	-30	29,896	4,591	663,657	4,842	998,293	-251	-334,636
賣權	自營商	87,639	435,194	108,524	501,934	-20,885	-66,740	19,425	307,153	18,868	302,984	557	4,169
投信	0	0	0	0	0	0	87	839	0	0	87	839
外資	70,008	364,592	67,889	376,783	2,119	-12,191	12,692	258,624	8,134	195,594	4,558	63,030

## 大額交易人 / TX
日期,商品(契約),商品名稱(契約名稱),到期月份(週別),交易人類別,前五大交易人買方,前五大交易人賣方,前十大交易人買方,前十大交易人賣方,全市場未沖銷部位數
2026/06/22,TX     ,臺股期貨(TX+MTX/4+TMF/20)           ,666666  ,0,10,11,12,13,13
2026/06/22,TX     ,臺股期貨(TX+MTX/4+TMF/20)           ,666666  ,1,0,0,0,0,13
2026/06/22,TX     ,臺股期貨(TX+MTX/4+TMF/20)           ,202607  ,0,62250,61038,71183,77034,105197
2026/06/22,TX     ,臺股期貨(TX+MTX/4+TMF/20)           ,202607  ,1,62250,61038,69542,77034,105197
2026/06/22,TX     ,臺股期貨(TX+MTX/4+TMF/20)           ,999999  ,0,62250,61285,71623,77835,109089
2026/06/22,TX     ,臺股期貨(TX+MTX/4+TMF/20)           ,999999  ,1,62250,61285,69594,77835,109089
