# 2026/07/13  chips-kline 取數依據（只保留實際使用的列）

## 三大法人-期貨 / 臺股期貨
1	臺股期貨	自營商	10,859	99,670,218	11,802	108,494,241	-943	-8,824,023	7,010	64,181,193	5,740	52,643,090	1,270	11,538,103
投信	38,464	354,122,113	38,359	350,384,134	105	3,737,979	77,830	712,836,885	6,036	55,104,188	71,794	657,732,697
外資	115,858	1,062,738,070	116,287	1,069,330,042	-429	-6,591,972	10,564	96,449,940	91,630	838,870,243	-81,066	-742,420,303

## 三大法人-選擇權 / 臺指選擇權
1	臺指選擇權	買權	自營商	93,758	517,551	96,503	455,410	-2,745	62,141	24,732	940,604	17,727	876,253	7,005	64,351
投信	0	0	430	32,023	-430	-32,023	6	87	1,658	76,645	-1,652	-76,558
外資	78,297	440,206	77,599	441,366	698	-1,160	8,197	264,625	7,038	526,112	1,159	-261,487
賣權	自營商	83,933	552,906	89,194	576,689	-5,261	-23,783	24,992	507,804	24,717	554,475	275	-46,671
投信	0	0	0	0	0	0	87	116	0	0	87	116
外資	78,201	541,964	76,157	537,099	2,044	4,865	21,838	384,951	12,135	277,929	9,703	107,022

## 大額交易人 / TX
日期,商品(契約),商品名稱(契約名稱),到期月份(週別),交易人類別,前五大交易人買方,前五大交易人賣方,前十大交易人買方,前十大交易人賣方,全市場未沖銷部位數
2026/07/13,TX     ,臺股期貨(TX+MTX/4+TMF/20)           ,666666  ,0,4,4,4,4,4
2026/07/13,TX     ,臺股期貨(TX+MTX/4+TMF/20)           ,666666  ,1,0,0,0,0,4
2026/07/13,TX     ,臺股期貨(TX+MTX/4+TMF/20)           ,202607  ,0,28676,31238,35570,39978,59508
2026/07/13,TX     ,臺股期貨(TX+MTX/4+TMF/20)           ,202607  ,1,26600,31238,33494,39978,59508
2026/07/13,TX     ,臺股期貨(TX+MTX/4+TMF/20)           ,999999  ,0,69257,60099,80613,82335,122623
2026/07/13,TX     ,臺股期貨(TX+MTX/4+TMF/20)           ,999999  ,1,66301,60099,77657,82335,122623
