# 2026/05/18  chips-kline 取數依據（只保留實際使用的列）

## 三大法人-期貨 / 臺股期貨
1	臺股期貨	自營商	11,797	96,118,100	10,988	89,628,294	809	6,489,806	7,090	58,052,122	5,540	45,343,642	1,550	12,708,480
投信	21,806	178,644,039	23,821	194,304,505	-2,015	-15,660,466	45,517	372,292,956	5,794	47,287,283	39,723	325,005,673
外資	120,641	982,858,301	114,645	934,601,574	5,996	48,256,728	21,791	178,152,482	66,787	546,286,535	-44,996	-368,134,053

## 三大法人-選擇權 / 臺指選擇權
1	臺指選擇權	買權	自營商	48,163	401,574	42,553	448,484	5,610	-46,910	38,377	2,267,048	22,760	2,473,237	15,617	-206,189
投信	0	0	0	0	0	0	1	176	430	124,404	-429	-124,228
外資	51,377	618,721	49,857	612,364	1,520	6,356	17,365	1,961,646	13,039	1,849,690	4,326	111,956
賣權	自營商	59,546	723,671	50,954	662,662	8,592	61,008	53,310	407,967	38,251	529,733	15,059	-121,766
投信	0	0	0	0	0	0	127	73	0	0	127	73
外資	45,603	726,796	45,401	741,007	202	-14,211	27,769	467,082	19,512	316,030	8,257	151,052

## 大額交易人 / TX
日期,商品(契約),商品名稱(契約名稱),到期月份(週別),交易人類別,前五大交易人買方,前五大交易人賣方,前十大交易人買方,前十大交易人賣方,全市場未沖銷部位數
2026/05/18,TX     ,臺股期貨(TX+MTX/4+TMF/20)           ,666666  ,0,1,1,1,1,1
2026/05/18,TX     ,臺股期貨(TX+MTX/4+TMF/20)           ,666666  ,1,0,0,0,0,1
2026/05/18,TX     ,臺股期貨(TX+MTX/4+TMF/20)           ,202605  ,0,23309,19882,28677,28039,48676
2026/05/18,TX     ,臺股期貨(TX+MTX/4+TMF/20)           ,202605  ,1,23309,19882,28677,28039,48676
2026/05/18,TX     ,臺股期貨(TX+MTX/4+TMF/20)           ,999999  ,0,50426,46949,61128,61075,101621
2026/05/18,TX     ,臺股期貨(TX+MTX/4+TMF/20)           ,999999  ,1,50426,46949,58787,61075,101621
