# 2026/10/08  chips-kline 取數依據（只保留實際使用的列）

## 三大法人-期貨 / 臺股期貨
1	臺股期貨	自營商	4,907	48,639,092	3,088	30,586,764	1,819	18,052,327	3,930	38,836,937	4,464	44,110,978	-534	-5,274,041
投信	350	3,459,281	279	2,757,427	71	701,854	79,091	780,738,897	2,752	27,166,093	76,339	753,572,804
外資	34,332	340,199,313	38,380	380,348,255	-4,048	-40,148,943	11,389	112,454,531	94,583	933,811,861	-83,194	-821,357,330

## 三大法人-選擇權 / 臺指選擇權
1	臺指選擇權	買權	自營商	40,083	368,543	42,039	345,679	-1,956	22,864	32,756	1,337,671	24,472	1,106,947	8,284	230,724
投信	0	0	1,100	75,832	-1,100	-75,832	0	0	8,049	496,634	-8,049	-496,634
外資	43,034	364,767	42,839	359,022	195	5,746	15,399	1,012,818	15,352	1,221,571	47	-208,753
賣權	自營商	33,390	338,128	33,124	324,035	266	14,093	22,957	309,995	21,885	224,710	1,072	85,285
投信	60	904	0	0	60	904	165	1,137	0	0	165	1,137
外資	48,026	493,561	47,126	481,255	900	12,306	12,459	515,302	9,694	452,328	2,765	62,974

## 大額交易人 / TX
日期,商品(契約),商品名稱(契約名稱),到期月份(週別),交易人類別,前五大交易人買方,前五大交易人賣方,前十大交易人買方,前十大交易人賣方,全市場未沖銷部位數
2026/10/08,TX     ,臺股期貨(TX+MTX/4+TMF/20)           ,666666  ,0,2,4,4,4,4
2026/10/08,TX     ,臺股期貨(TX+MTX/4+TMF/20)           ,666666  ,1,0,1,0,1,4
2026/10/08,TX     ,臺股期貨(TX+MTX/4+TMF/20)           ,202610  ,0,74453,56618,82609,77985,116457
2026/10/08,TX     ,臺股期貨(TX+MTX/4+TMF/20)           ,202610  ,1,74453,56618,81509,77985,116457
2026/10/08,TX     ,臺股期貨(TX+MTX/4+TMF/20)           ,999999  ,0,74470,57775,82679,80334,121949
2026/10/08,TX     ,臺股期貨(TX+MTX/4+TMF/20)           ,999999  ,1,74470,57775,81526,80334,121949
