# 2026/06/04  chips-kline 取數依據（只保留實際使用的列）

## 三大法人-期貨 / 臺股期貨
1	臺股期貨	自營商	7,876	73,165,388	7,137	66,294,074	739	6,871,314	8,233	76,353,813	5,014	46,559,194	3,219	29,794,619
投信	920	8,528,809	366	3,391,202	554	5,137,607	57,154	529,360,359	5,296	49,051,552	51,858	480,308,807
外資	56,385	524,491,688	59,089	549,706,207	-2,704	-25,214,519	15,138	140,212,465	84,614	783,784,750	-69,476	-643,572,285

## 三大法人-選擇權 / 臺指選擇權
1	臺指選擇權	買權	自營商	55,545	508,076	56,382	628,493	-837	-120,417	27,755	2,661,272	28,899	3,748,304	-1,144	-1,087,032
投信	0	0	0	0	0	0	1	283	418	99,607	-417	-99,324
外資	44,316	415,464	45,022	452,013	-706	-36,548	10,736	2,707,002	8,775	2,148,693	1,961	558,309
賣權	自營商	48,301	514,349	42,900	498,805	5,401	15,543	41,648	256,432	32,614	313,628	9,034	-57,196
投信	0	0	0	0	0	0	93	136	0	0	93	136
外資	47,943	545,206	47,131	547,542	812	-2,336	25,539	245,901	17,698	155,099	7,841	90,802

## 大額交易人 / TX
日期,商品(契約),商品名稱(契約名稱),到期月份(週別),交易人類別,前五大交易人買方,前五大交易人賣方,前十大交易人買方,前十大交易人賣方,全市場未沖銷部位數
2026/06/04,TX     ,臺股期貨(TX+MTX/4+TMF/20)           ,666666  ,0,40,42,42,42,42
2026/06/04,TX     ,臺股期貨(TX+MTX/4+TMF/20)           ,666666  ,1,0,5,0,5,42
2026/06/04,TX     ,臺股期貨(TX+MTX/4+TMF/20)           ,202606  ,0,57698,59199,70851,75261,107819
2026/06/04,TX     ,臺股期貨(TX+MTX/4+TMF/20)           ,202606  ,1,57698,59199,64931,75261,107819
2026/06/04,TX     ,臺股期貨(TX+MTX/4+TMF/20)           ,999999  ,0,57957,60117,71829,77782,115563
2026/06/04,TX     ,臺股期貨(TX+MTX/4+TMF/20)           ,999999  ,1,53603,60117,65039,77782,115563
