# 2026/06/12  chips-kline 取數依據（只保留實際使用的列）

## 三大法人-期貨 / 臺股期貨
1	臺股期貨	自營商	9,191	81,108,279	9,655	85,309,327	-464	-4,201,048	8,116	71,885,532	4,548	40,341,302	3,568	31,544,230
投信	7,574	67,205,224	5,775	51,177,755	1,799	16,027,469	62,719	554,979,142	5,608	49,593,787	57,111	505,385,355
外資	107,098	942,877,386	108,998	959,865,353	-1,900	-16,987,968	9,318	82,465,135	74,357	658,082,331	-65,039	-575,617,196

## 三大法人-選擇權 / 臺指選擇權
1	臺指選擇權	買權	自營商	98,926	832,086	104,371	697,276	-5,445	134,810	28,974	2,115,563	20,649	2,705,170	8,325	-589,607
投信	0	0	300	15,662	-300	-15,662	1	179	1,596	141,396	-1,595	-141,217
外資	105,761	686,601	109,754	722,833	-3,993	-36,233	11,507	2,007,071	9,160	1,638,811	2,347	368,260
賣權	自營商	106,895	640,457	129,481	690,125	-22,586	-49,668	37,094	421,638	38,390	531,459	-1,296	-109,821
投信	0	0	0	0	0	0	193	319	0	0	193	319
外資	100,129	619,792	99,940	610,356	189	9,435	26,873	588,628	20,925	406,297	5,948	182,331

## 大額交易人 / TX
日期,商品(契約),商品名稱(契約名稱),到期月份(週別),交易人類別,前五大交易人買方,前五大交易人賣方,前十大交易人買方,前十大交易人賣方,全市場未沖銷部位數
2026/06/12,TX     ,臺股期貨(TX+MTX/4+TMF/20)           ,666666  ,0,0,0,0,0,0
2026/06/12,TX     ,臺股期貨(TX+MTX/4+TMF/20)           ,666666  ,1,0,0,0,0,0
2026/06/12,TX     ,臺股期貨(TX+MTX/4+TMF/20)           ,202606  ,0,46355,41166,53560,52856,79635
2026/06/12,TX     ,臺股期貨(TX+MTX/4+TMF/20)           ,202606  ,1,41997,41166,49202,50893,79635
2026/06/12,TX     ,臺股期貨(TX+MTX/4+TMF/20)           ,999999  ,0,59186,52701,68953,69660,107697
2026/06/12,TX     ,臺股期貨(TX+MTX/4+TMF/20)           ,999999  ,1,54116,52701,63883,66866,107697
