# 2026/07/07  chips-kline 取數依據（只保留實際使用的列）

## 三大法人-期貨 / 臺股期貨
1	臺股期貨	自營商	9,599	89,216,796	8,725	80,801,239	874	8,415,557	8,255	75,651,750	4,462	40,918,141	3,793	34,733,609
投信	4,144	38,207,227	3,211	29,580,244	933	8,626,983	74,373	679,835,781	6,186	56,594,303	68,187	623,241,478
外資	70,707	658,601,916	70,618	658,215,974	89	385,942	6,562	60,012,723	86,604	791,865,413	-80,042	-731,852,690

## 三大法人-選擇權 / 臺指選擇權
1	臺指選擇權	買權	自營商	65,570	435,916	64,533	441,435	1,037	-5,519	32,448	948,487	27,714	1,038,750	4,734	-90,263
投信	0	0	100	3,727	-100	-3,727	6	251	1,741	43,956	-1,735	-43,705
外資	63,423	589,130	62,937	591,816	486	-2,686	8,852	330,043	8,172	597,496	680	-267,453
賣權	自營商	50,173	578,025	52,464	601,210	-2,291	-23,184	33,251	740,134	28,415	736,482	4,836	3,652
投信	0	0	0	0	0	0	87	562	0	0	87	562
外資	62,154	797,160	59,681	773,583	2,473	23,576	26,497	562,830	16,304	396,910	10,193	165,920

## 大額交易人 / TX
日期,商品(契約),商品名稱(契約名稱),到期月份(週別),交易人類別,前五大交易人買方,前五大交易人賣方,前十大交易人買方,前十大交易人賣方,全市場未沖銷部位數
2026/07/07,TX     ,臺股期貨(TX+MTX/4+TMF/20)           ,666666  ,0,11,15,13,16,16
2026/07/07,TX     ,臺股期貨(TX+MTX/4+TMF/20)           ,666666  ,1,0,0,0,0,16
2026/07/07,TX     ,臺股期貨(TX+MTX/4+TMF/20)           ,202607  ,0,65323,56847,73248,74944,107887
2026/07/07,TX     ,臺股期貨(TX+MTX/4+TMF/20)           ,202607  ,1,62695,56847,70620,74944,107887
2026/07/07,TX     ,臺股期貨(TX+MTX/4+TMF/20)           ,999999  ,0,67741,59646,76545,80185,118892
2026/07/07,TX     ,臺股期貨(TX+MTX/4+TMF/20)           ,999999  ,1,63900,59646,72704,80185,118892
