# 2026/07/16  chips-kline 取數依據（只保留實際使用的列）

## 三大法人-期貨 / 臺股期貨
1	臺股期貨	自營商	6,015	54,932,418	4,682	42,872,836	1,333	12,059,582	5,377	49,252,384	4,720	43,225,525	657	6,026,859
投信	736	6,735,595	118	1,081,082	618	5,654,513	82,210	751,251,422	5,946	54,335,737	76,264	696,915,685
外資	71,374	652,820,513	74,581	682,079,318	-3,207	-29,258,805	5,895	53,873,332	90,348	825,740,742	-84,453	-771,867,410

## 三大法人-選擇權 / 臺指選擇權
1	臺指選擇權	買權	自營商	41,733	421,081	42,316	843,886	-583	-422,805	27,380	879,801	17,601	920,043	9,779	-40,242
投信	0	0	600	46,653	-600	-46,653	6	579	1,929	104,242	-1,923	-103,663
外資	43,052	547,904	43,352	534,945	-300	12,959	3,941	306,457	5,861	478,427	-1,920	-171,970
賣權	自營商	43,054	466,215	38,600	450,552	4,454	15,664	22,212	446,857	12,766	422,850	9,446	24,007
投信	100	87	0	0	100	87	106	443	0	0	106	443
外資	37,926	477,431	35,979	485,753	1,947	-8,323	13,849	315,286	8,763	248,689	5,086	66,597

## 大額交易人 / TX
日期,商品(契約),商品名稱(契約名稱),到期月份(週別),交易人類別,前五大交易人買方,前五大交易人賣方,前十大交易人買方,前十大交易人賣方,全市場未沖銷部位數
2026/07/16,TX     ,臺股期貨(TX+MTX/4+TMF/20)           ,666666  ,0,8,11,10,12,12
2026/07/16,TX     ,臺股期貨(TX+MTX/4+TMF/20)           ,666666  ,1,0,0,0,0,12
2026/07/16,TX     ,臺股期貨(TX+MTX/4+TMF/20)           ,202608  ,0,73634,60928,83904,80478,113941
2026/07/16,TX     ,臺股期貨(TX+MTX/4+TMF/20)           ,202608  ,1,73634,60928,82069,80478,113941
2026/07/16,TX     ,臺股期貨(TX+MTX/4+TMF/20)           ,999999  ,0,73634,61422,84509,81444,118562
2026/07/16,TX     ,臺股期貨(TX+MTX/4+TMF/20)           ,999999  ,1,73634,61422,82069,81444,118562
