# 2026/06/08  chips-kline 取數依據（只保留實際使用的列）

## 三大法人-期貨 / 臺股期貨
1	臺股期貨	自營商	13,215	114,680,970	12,619	109,230,550	596	5,450,420	9,637	83,142,240	4,191	36,228,407	5,446	46,913,833
投信	2,611	22,525,790	897	7,737,534	1,714	14,788,256	59,541	513,040,994	5,667	48,830,272	53,874	464,210,722
外資	121,288	1,057,735,361	117,764	1,026,847,511	3,524	30,887,851	11,990	103,321,967	77,491	667,820,783	-65,501	-564,498,816

## 三大法人-選擇權 / 臺指選擇權
1	臺指選擇權	買權	自營商	53,724	654,872	51,401	719,201	2,323	-64,329	29,355	1,677,815	28,128	2,355,939	1,227	-678,124
投信	0	0	200	11,341	-200	-11,341	1	141	619	55,837	-618	-55,696
外資	43,598	461,563	43,500	454,974	98	6,589	12,367	1,796,795	9,855	1,340,014	2,512	456,781
賣權	自營商	59,177	1,083,434	55,259	1,101,633	3,918	-18,199	41,663	1,103,719	32,730	864,114	8,933	239,605
投信	100	764	0	0	100	764	193	2,568	0	0	193	2,568
外資	27,555	492,377	27,469	471,398	86	20,980	26,398	853,912	19,821	593,775	6,577	260,137

## 大額交易人 / TX
日期,商品(契約),商品名稱(契約名稱),到期月份(週別),交易人類別,前五大交易人買方,前五大交易人賣方,前十大交易人買方,前十大交易人賣方,全市場未沖銷部位數
2026/06/08,TX     ,臺股期貨(TX+MTX/4+TMF/20)           ,666666  ,0,49,53,52,57,58
2026/06/08,TX     ,臺股期貨(TX+MTX/4+TMF/20)           ,666666  ,1,0,0,0,0,58
2026/06/08,TX     ,臺股期貨(TX+MTX/4+TMF/20)           ,202606  ,0,56881,54095,68312,70451,99281
2026/06/08,TX     ,臺股期貨(TX+MTX/4+TMF/20)           ,202606  ,1,52265,54095,63697,70451,99281
2026/06/08,TX     ,臺股期貨(TX+MTX/4+TMF/20)           ,999999  ,0,57741,55177,69547,73878,108575
2026/06/08,TX     ,臺股期貨(TX+MTX/4+TMF/20)           ,999999  ,1,52265,55177,64072,73878,108575
