# 2026/05/14  chips-kline 取數依據（只保留實際使用的列）

## 三大法人-期貨 / 臺股期貨
1	臺股期貨	自營商	9,670	80,740,615	9,346	78,027,359	324	2,713,256	6,419	53,564,946	5,797	48,345,585	622	5,219,361
投信	1,326	11,094,542	2,797	23,335,302	-1,471	-12,240,760	48,561	404,406,643	5,445	45,341,604	43,116	359,065,039
外資	67,513	562,780,979	65,840	548,898,769	1,673	13,882,210	22,401	186,607,095	73,469	612,000,443	-51,068	-425,393,348

## 三大法人-選擇權 / 臺指選擇權
1	臺指選擇權	買權	自營商	41,092	357,927	41,149	386,507	-57	-28,580	30,703	2,714,460	20,977	2,868,688	9,726	-154,228
投信	0	0	0	0	0	0	1	218	430	142,154	-429	-141,936
外資	46,446	476,755	45,848	467,966	598	8,789	14,383	2,333,159	12,857	2,223,002	1,526	110,157
賣權	自營商	53,559	418,124	54,920	459,395	-1,361	-41,271	44,429	288,255	38,496	388,756	5,933	-100,501
投信	0	0	0	0	0	0	127	184	0	0	127	184
外資	63,795	535,265	60,588	507,365	3,207	27,900	26,963	353,275	19,197	236,690	7,766	116,585

## 大額交易人 / TX
日期,商品(契約),商品名稱(契約名稱),到期月份(週別),交易人類別,前五大交易人買方,前五大交易人賣方,前十大交易人買方,前十大交易人賣方,全市場未沖銷部位數
2026/05/14,TX     ,臺股期貨(TX+MTX/4+TMF/20)           ,666666  ,0,0,0,0,0,0
2026/05/14,TX     ,臺股期貨(TX+MTX/4+TMF/20)           ,666666  ,1,0,0,0,0,0
2026/05/14,TX     ,臺股期貨(TX+MTX/4+TMF/20)           ,202605  ,0,52912,46185,60927,59932,89702
2026/05/14,TX     ,臺股期貨(TX+MTX/4+TMF/20)           ,202605  ,1,52912,46185,60927,59932,89702
2026/05/14,TX     ,臺股期貨(TX+MTX/4+TMF/20)           ,999999  ,0,54271,50391,64540,65648,105121
2026/05/14,TX     ,臺股期貨(TX+MTX/4+TMF/20)           ,999999  ,1,54271,50391,62740,65648,105121
