# 2026/09/11  chips-kline 取數依據（只保留實際使用的列）

## 三大法人-期貨 / 臺股期貨
1	臺股期貨	自營商	7,854	72,425,131	6,474	59,768,351	1,380	12,656,780	6,359	58,854,426	3,557	32,907,993	2,802	25,946,433
投信	6,092	56,342,416	5,888	54,274,470	204	2,067,945	77,818	719,256,868	3,131	28,922,299	74,687	690,334,569
外資	56,372	520,388,710	56,740	523,930,805	-368	-3,542,096	8,242	76,271,162	93,309	862,627,166	-85,067	-786,356,004

## 三大法人-選擇權 / 臺指選擇權
1	臺指選擇權	買權	自營商	93,023	570,497	100,477	460,044	-7,454	110,454	28,138	1,083,627	18,019	792,629	10,119	290,998
投信	0	0	3,100	186,306	-3,100	-186,306	2	134	5,051	273,523	-5,049	-273,389
外資	87,782	417,401	88,946	411,729	-1,164	5,671	8,021	287,589	10,171	526,316	-2,150	-238,727
賣權	自營商	83,520	537,086	94,864	551,966	-11,344	-14,880	19,392	342,525	20,446	283,840	-1,054	58,685
投信	0	0	0	0	0	0	106	36	0	0	106	36
外資	94,550	526,139	98,263	520,306	-3,713	5,832	7,409	189,368	5,228	65,665	2,181	123,703

## 大額交易人 / TX
日期,商品(契約),商品名稱(契約名稱),到期月份(週別),交易人類別,前五大交易人買方,前五大交易人賣方,前十大交易人買方,前十大交易人賣方,全市場未沖銷部位數
2026/09/11,TX     ,臺股期貨(TX+MTX/4+TMF/20)           ,666666  ,0,1,1,1,1,1
2026/09/11,TX     ,臺股期貨(TX+MTX/4+TMF/20)           ,666666  ,1,0,0,0,0,1
2026/09/11,TX     ,臺股期貨(TX+MTX/4+TMF/20)           ,202609  ,0,60037,44603,66562,63788,96459
2026/09/11,TX     ,臺股期貨(TX+MTX/4+TMF/20)           ,202609  ,1,60037,44603,65035,63788,96459
2026/09/11,TX     ,臺股期貨(TX+MTX/4+TMF/20)           ,999999  ,0,71900,53076,80029,76915,119821
2026/09/11,TX     ,臺股期貨(TX+MTX/4+TMF/20)           ,999999  ,1,71900,53076,76542,76915,119821
