# 2026/06/29  chips-kline 取數依據（只保留實際使用的列）

## 三大法人-期貨 / 臺股期貨
1	臺股期貨	自營商	5,912	53,249,279	8,030	72,437,802	-2,118	-19,188,522	6,536	59,705,176	4,121	37,672,507	2,415	22,032,669
投信	1,906	17,328,330	191	1,737,286	1,715	15,591,043	69,122	629,784,366	6,160	56,154,879	62,962	573,629,487
外資	83,462	750,635,169	83,763	753,626,780	-301	-2,991,610	7,494	68,293,119	84,121	766,601,512	-76,627	-698,308,393

## 三大法人-選擇權 / 臺指選擇權
1	臺指選擇權	買權	自營商	35,058	483,541	30,142	434,530	4,916	49,010	20,903	1,043,119	17,984	1,164,771	2,919	-121,652
投信	1	50	50	2,022	-49	-1,972	6	366	1,763	96,089	-1,757	-95,723
外資	24,651	381,554	23,620	403,810	1,031	-22,257	7,283	398,308	7,274	636,792	9	-238,484
賣權	自營商	39,259	576,775	35,843	551,296	3,416	25,480	29,424	746,345	23,812	721,327	5,612	25,018
投信	30	340	0	0	30	340	117	1,429	0	0	117	1,429
外資	28,849	448,243	29,141	481,818	-292	-33,575	17,543	509,055	13,323	435,503	4,220	73,552

## 大額交易人 / TX
日期,商品(契約),商品名稱(契約名稱),到期月份(週別),交易人類別,前五大交易人買方,前五大交易人賣方,前十大交易人買方,前十大交易人賣方,全市場未沖銷部位數
2026/06/29,TX     ,臺股期貨(TX+MTX/4+TMF/20)           ,666666  ,0,16,18,18,20,20
2026/06/29,TX     ,臺股期貨(TX+MTX/4+TMF/20)           ,666666  ,1,0,0,0,0,20
2026/06/29,TX     ,臺股期貨(TX+MTX/4+TMF/20)           ,202607  ,0,64418,57821,73821,77840,108231
2026/06/29,TX     ,臺股期貨(TX+MTX/4+TMF/20)           ,202607  ,1,60672,57821,68278,77840,108231
2026/06/29,TX     ,臺股期貨(TX+MTX/4+TMF/20)           ,999999  ,0,64464,58806,74762,79548,114234
2026/06/29,TX     ,臺股期貨(TX+MTX/4+TMF/20)           ,999999  ,1,60672,58806,68278,79548,114234
