# 2026/10/07  chips-kline 取數依據（只保留實際使用的列）

## 三大法人-期貨 / 臺股期貨
1	臺股期貨	自營商	2,684	26,847,032	3,099	31,000,328	-415	-4,153,295	2,833	28,349,888	5,086	50,862,323	-2,253	-22,512,435
投信	150	1,500,391	90	899,678	60	600,713	79,016	789,654,298	2,748	27,462,413	76,268	762,191,885
外資	27,005	270,217,933	26,597	266,142,238	408	4,075,695	13,545	135,388,163	92,646	925,985,823	-79,101	-790,597,660

## 三大法人-選擇權 / 臺指選擇權
1	臺指選擇權	買權	自營商	70,437	754,704	70,141	387,191	296	367,513	27,934	1,614,484	17,694	1,268,796	10,240	345,688
投信	205	13,795	4,984	374,028	-4,779	-360,233	0	0	6,949	607,531	-6,949	-607,531
外資	100,978	627,194	104,212	613,827	-3,234	13,367	13,850	1,138,225	13,998	1,397,793	-148	-259,568
賣權	自營商	68,277	275,688	77,186	270,382	-8,909	5,307	18,746	188,776	17,940	133,337	806	55,439
投信	0	0	0	0	0	0	105	111	0	0	105	111
外資	102,684	433,614	102,298	438,385	386	-4,771	10,044	390,481	8,179	353,075	1,865	37,406

## 大額交易人 / TX
日期,商品(契約),商品名稱(契約名稱),到期月份(週別),交易人類別,前五大交易人買方,前五大交易人賣方,前十大交易人買方,前十大交易人賣方,全市場未沖銷部位數
2026/10/07,TX     ,臺股期貨(TX+MTX/4+TMF/20)           ,666666  ,0,2,2,2,2,2
2026/10/07,TX     ,臺股期貨(TX+MTX/4+TMF/20)           ,666666  ,1,0,1,0,1,2
2026/10/07,TX     ,臺股期貨(TX+MTX/4+TMF/20)           ,202610  ,0,75940,56334,84587,77045,116908
2026/10/07,TX     ,臺股期貨(TX+MTX/4+TMF/20)           ,202610  ,1,75940,56334,83756,77045,116908
2026/10/07,TX     ,臺股期貨(TX+MTX/4+TMF/20)           ,999999  ,0,75950,57430,85029,79249,121812
2026/10/07,TX     ,臺股期貨(TX+MTX/4+TMF/20)           ,999999  ,1,75950,57430,83766,79249,121812
