# 2026/06/01  chips-kline 取數依據（只保留實際使用的列）

## 三大法人-期貨 / 臺股期貨
1	臺股期貨	自營商	7,196	65,908,847	6,817	62,487,825	379	3,421,022	7,217	66,526,464	4,761	43,926,867	2,456	22,599,597
投信	1,663	15,325,116	170	1,567,829	1,493	13,757,287	53,713	494,600,047	5,294	48,748,211	48,419	445,851,836
外資	67,306	614,601,442	71,284	651,010,799	-3,978	-36,409,356	16,134	148,565,866	80,807	744,129,772	-64,673	-595,563,906

## 三大法人-選擇權 / 臺指選擇權
1	臺指選擇權	買權	自營商	44,372	615,810	37,424	582,893	6,948	32,917	22,194	2,633,963	19,134	3,628,862	3,060	-994,899
投信	0	0	0	0	0	0	1	274	407	95,882	-406	-95,608
外資	33,693	463,071	32,469	451,366	1,224	11,705	11,710	2,711,140	8,114	2,092,455	3,596	618,685
賣權	自營商	52,324	504,336	51,241	502,444	1,083	1,892	35,977	207,372	31,556	268,498	4,421	-61,126
投信	0	0	0	0	0	0	93	431	0	0	93	431
外資	50,076	574,667	48,302	560,754	1,774	13,913	24,321	268,027	17,504	160,459	6,817	107,568

## 大額交易人 / TX
日期,商品(契約),商品名稱(契約名稱),到期月份(週別),交易人類別,前五大交易人買方,前五大交易人賣方,前十大交易人買方,前十大交易人賣方,全市場未沖銷部位數
2026/06/01,TX     ,臺股期貨(TX+MTX/4+TMF/20)           ,666666  ,0,36,36,40,41,42
2026/06/01,TX     ,臺股期貨(TX+MTX/4+TMF/20)           ,666666  ,1,1,3,1,3,42
2026/06/01,TX     ,臺股期貨(TX+MTX/4+TMF/20)           ,202606  ,0,55289,58859,68658,72687,104114
2026/06/01,TX     ,臺股期貨(TX+MTX/4+TMF/20)           ,202606  ,1,55289,58859,61956,72687,104114
2026/06/01,TX     ,臺股期貨(TX+MTX/4+TMF/20)           ,999999  ,0,55485,59418,69425,74956,110424
2026/06/01,TX     ,臺股期貨(TX+MTX/4+TMF/20)           ,999999  ,1,51601,59418,61985,72663,110424
