# 2026/06/10  chips-kline 取數依據（只保留實際使用的列）

## 三大法人-期貨 / 臺股期貨
1	臺股期貨	自營商	12,786	112,147,051	11,735	102,893,883	1,051	9,253,169	8,420	73,141,041	3,567	31,043,235	4,853	42,097,806
投信	2,478	21,685,068	3,545	30,891,906	-1,067	-9,206,837	59,889	519,473,786	5,703	49,464,400	54,186	470,009,386
外資	121,660	1,067,037,765	121,741	1,068,292,182	-81	-1,254,417	9,129	79,188,873	71,078	616,630,428	-61,949	-537,441,555

## 三大法人-選擇權 / 臺指選擇權
1	臺指選擇權	買權	自營商	116,384	791,935	136,671	739,804	-20,287	52,131	24,856	1,819,452	21,971	2,442,487	2,885	-623,035
投信	0	0	0	0	0	0	1	154	836	63,233	-835	-63,079
外資	148,299	874,393	152,611	961,841	-4,312	-87,448	11,414	1,863,554	8,479	1,449,797	2,935	413,757
賣權	自營商	124,572	1,065,418	141,847	1,072,936	-17,275	-7,518	34,801	703,309	36,012	848,731	-1,211	-145,422
投信	0	0	0	0	0	0	193	2,131	0	0	193	2,131
外資	168,122	1,231,518	168,155	1,219,163	-33	12,356	25,240	777,004	18,877	524,081	6,363	252,923

## 大額交易人 / TX
日期,商品(契約),商品名稱(契約名稱),到期月份(週別),交易人類別,前五大交易人買方,前五大交易人賣方,前十大交易人買方,前十大交易人賣方,全市場未沖銷部位數
2026/06/10,TX     ,臺股期貨(TX+MTX/4+TMF/20)           ,666666  ,0,0,0,0,0,0
2026/06/10,TX     ,臺股期貨(TX+MTX/4+TMF/20)           ,666666  ,1,0,0,0,0,0
2026/06/10,TX     ,臺股期貨(TX+MTX/4+TMF/20)           ,202606  ,0,52608,47103,62114,60912,91359
2026/06/10,TX     ,臺股期貨(TX+MTX/4+TMF/20)           ,202606  ,1,48884,47103,58390,59332,91359
2026/06/10,TX     ,臺股期貨(TX+MTX/4+TMF/20)           ,999999  ,0,56209,50833,66269,68274,105057
2026/06/10,TX     ,臺股期貨(TX+MTX/4+TMF/20)           ,999999  ,1,51584,50833,61644,65823,105057
