# 2026/05/29  chips-kline 取數依據（只保留實際使用的列）

## 三大法人-期貨 / 臺股期貨
1	臺股期貨	自營商	5,973	53,756,130	7,784	69,880,982	-1,811	-16,124,852	6,682	60,614,363	4,608	41,831,653	2,074	18,782,710
投信	2,230	20,205,044	71	642,353	2,159	19,562,690	52,228	473,342,364	5,302	48,052,026	46,926	425,290,338
外資	67,169	601,685,342	70,680	633,283,794	-3,511	-31,598,452	15,766	142,887,696	76,416	692,587,925	-60,650	-549,700,229

## 三大法人-選擇權 / 臺指選擇權
1	臺指選擇權	買權	自營商	90,621	770,142	94,584	730,456	-3,963	39,686	12,625	2,344,507	16,513	3,298,108	-3,888	-953,601
投信	0	0	0	0	0	0	1	240	407	83,066	-406	-82,826
外資	105,231	754,318	103,832	719,621	1,399	34,697	9,129	2,441,908	6,757	1,872,869	2,372	569,039
賣權	自營商	114,028	581,053	140,429	657,761	-26,401	-76,708	29,915	220,430	26,577	277,775	3,338	-57,345
投信	0	0	0	0	0	0	93	651	0	0	93	651
外資	110,348	723,718	113,805	741,941	-3,457	-18,223	21,167	280,386	16,124	178,499	5,043	101,887

## 大額交易人 / TX
日期,商品(契約),商品名稱(契約名稱),到期月份(週別),交易人類別,前五大交易人買方,前五大交易人賣方,前十大交易人買方,前十大交易人賣方,全市場未沖銷部位數
2026/05/29,TX     ,臺股期貨(TX+MTX/4+TMF/20)           ,666666  ,0,30,32,33,33,35
2026/05/29,TX     ,臺股期貨(TX+MTX/4+TMF/20)           ,666666  ,1,1,3,1,3,35
2026/05/29,TX     ,臺股期貨(TX+MTX/4+TMF/20)           ,202606  ,0,54482,54729,66777,69016,100548
2026/05/29,TX     ,臺股期貨(TX+MTX/4+TMF/20)           ,202606  ,1,54482,54729,60999,69016,100548
2026/05/29,TX     ,臺股期貨(TX+MTX/4+TMF/20)           ,999999  ,0,54592,55299,67514,70900,106563
2026/05/29,TX     ,臺股期貨(TX+MTX/4+TMF/20)           ,999999  ,1,51086,55299,61012,70900,106563
