# 2026/09/01  chips-kline 取數依據（只保留實際使用的列）

## 三大法人-期貨 / 臺股期貨
1	臺股期貨	自營商	4,757	44,545,078	7,162	66,964,212	-2,405	-22,419,134	3,092	29,226,123	4,082	38,567,368	-990	-9,341,245
投信	488	4,600,380	339	3,197,337	149	1,403,043	79,188	747,550,558	3,161	29,840,472	76,027	717,710,086
外資	48,596	452,776,819	44,345	413,090,513	4,251	39,686,307	9,797	92,493,924	88,503	835,548,529	-78,706	-743,054,605

## 三大法人-選擇權 / 臺指選擇權
1	臺指選擇權	買權	自營商	46,954	492,015	44,857	483,999	2,097	8,016	29,443	1,636,410	21,389	1,166,077	8,054	470,333
投信	0	0	1	110	-1	-110	4	486	4,317	416,969	-4,313	-416,483
外資	55,983	549,462	55,238	550,437	745	-975	6,946	460,031	10,384	859,564	-3,438	-399,533
賣權	自營商	50,905	331,537	55,575	369,988	-4,670	-38,451	22,799	201,488	26,698	154,228	-3,899	47,260
投信	40	239	0	0	40	239	206	357	0	0	206	357
外資	64,633	485,947	63,339	481,288	1,294	4,660	8,438	86,097	6,809	52,573	1,629	33,524

## 大額交易人 / TX
日期,商品(契約),商品名稱(契約名稱),到期月份(週別),交易人類別,前五大交易人買方,前五大交易人賣方,前十大交易人買方,前十大交易人賣方,全市場未沖銷部位數
2026/09/01,TX     ,臺股期貨(TX+MTX/4+TMF/20)           ,666666  ,0,38,41,42,43,43
2026/09/01,TX     ,臺股期貨(TX+MTX/4+TMF/20)           ,666666  ,1,25,0,25,0,43
2026/09/01,TX     ,臺股期貨(TX+MTX/4+TMF/20)           ,202609  ,0,75075,49813,82013,69668,113100
2026/09/01,TX     ,臺股期貨(TX+MTX/4+TMF/20)           ,202609  ,1,75075,49813,82013,69668,113100
2026/09/01,TX     ,臺股期貨(TX+MTX/4+TMF/20)           ,999999  ,0,75116,50737,82175,71020,116742
2026/09/01,TX     ,臺股期貨(TX+MTX/4+TMF/20)           ,999999  ,1,75116,50737,81277,71020,116742
