# 2026/05/25  chips-kline 取數依據（只保留實際使用的列）

## 三大法人-期貨 / 臺股期貨
1	臺股期貨	自營商	7,287	63,265,355	6,488	56,373,085	799	6,892,270	6,816	59,854,427	5,088	44,704,823	1,728	15,149,604
投信	1,227	10,760,998	256	2,244,240	971	8,516,758	48,466	425,240,684	5,448	47,800,752	43,018	377,439,932
外資	50,077	432,975,709	55,015	475,944,197	-4,938	-42,968,489	16,232	142,420,194	67,690	593,936,349	-51,458	-451,516,155

## 三大法人-選擇權 / 臺指選擇權
1	臺指選擇權	買權	自營商	44,423	646,264	42,010	686,580	2,413	-40,316	22,241	2,012,034	20,147	2,876,558	2,094	-864,524
投信	0	0	45	2,914	-45	-2,914	2	355	397	58,805	-395	-58,450
外資	39,042	517,316	37,719	501,727	1,323	15,589	11,086	2,247,867	7,862	1,474,559	3,224	773,308
賣權	自營商	62,999	462,391	61,607	466,703	1,392	-4,313	29,299	173,561	26,832	175,738	2,467	-2,177
投信	80	1,395	0	0	80	1,395	93	1,330	0	0	93	1,330
外資	59,032	498,763	57,492	484,359	1,540	14,404	19,759	139,648	14,326	105,185	5,433	34,463

## 大額交易人 / TX
日期,商品(契約),商品名稱(契約名稱),到期月份(週別),交易人類別,前五大交易人買方,前五大交易人賣方,前十大交易人買方,前十大交易人賣方,全市場未沖銷部位數
2026/05/25,TX     ,臺股期貨(TX+MTX/4+TMF/20)           ,666666  ,0,28,38,33,40,41
2026/05/25,TX     ,臺股期貨(TX+MTX/4+TMF/20)           ,666666  ,1,2,0,2,0,41
2026/05/25,TX     ,臺股期貨(TX+MTX/4+TMF/20)           ,202606  ,0,52369,47553,62322,60529,94934
2026/05/25,TX     ,臺股期貨(TX+MTX/4+TMF/20)           ,202606  ,1,49475,47553,57912,60529,94934
2026/05/25,TX     ,臺股期貨(TX+MTX/4+TMF/20)           ,999999  ,0,52529,47960,63008,62034,100312
2026/05/25,TX     ,臺股期貨(TX+MTX/4+TMF/20)           ,999999  ,1,49479,47960,57942,62034,100312
